Mc_value,Mc_std,b_value,b_value_std,a_value,a_value_std,power_fit,Additional_Runs_b_std,Additional_Runs_Mc_std,failreason,nEvents_gt_local_Mc,RadiusKm,x,y,max_mag,Number_of_Events,was_evaluated
NaN,NaN,NaN,NaN,NaN,NaN,NaN,NaN,NaN,NaN,NaN,NaN,-75.4409029966734,4.06375634276491,NaN,0,0
NaN,NaN,NaN,NaN,NaN,NaN,NaN,NaN,NaN,NaN,NaN,NaN,-75.441231196694,4.24462070565552,NaN,0,0
NaN,NaN,NaN,NaN,NaN,NaN,NaN,NaN,NaN,1,0,13.7064326129877,-75.441573818528,4.42548422218928,1.1,1,1
NaN,NaN,NaN,NaN,NaN,NaN,NaN,NaN,NaN,NaN,NaN,NaN,-75.4419308791574,4.60634685658988,NaN,0,0
NaN,NaN,NaN,NaN,NaN,NaN,NaN,NaN,NaN,NaN,NaN,NaN,-75.4423023962905,4.78720857311705,NaN,0,0
NaN,NaN,NaN,NaN,NaN,NaN,NaN,NaN,NaN,NaN,NaN,NaN,-75.4426883883635,4.96806933606801,NaN,0,0
NaN,NaN,NaN,NaN,NaN,NaN,NaN,NaN,NaN,NaN,NaN,NaN,-75.4430888745429,5.14892910977894,NaN,0,0
NaN,NaN,NaN,NaN,NaN,NaN,NaN,NaN,NaN,NaN,NaN,NaN,-75.443503874728,5.3297878586264,NaN,0,0
NaN,NaN,NaN,NaN,NaN,NaN,NaN,NaN,NaN,NaN,NaN,NaN,-75.4439334095531,5.51064554702881,NaN,0,0
NaN,NaN,NaN,NaN,NaN,NaN,NaN,NaN,NaN,NaN,NaN,NaN,-75.4443775003904,5.69150213944793,NaN,0,0
NaN,NaN,NaN,NaN,NaN,NaN,NaN,NaN,NaN,NaN,NaN,NaN,-75.444836169352,5.87235760039023,NaN,0,0
NaN,NaN,NaN,NaN,NaN,NaN,NaN,NaN,NaN,NaN,NaN,NaN,-75.4453094392932,6.05321189440842,NaN,0,0
NaN,NaN,NaN,NaN,NaN,NaN,NaN,NaN,NaN,NaN,NaN,NaN,-75.4457973338149,6.23406498610285,NaN,0,0
NaN,NaN,NaN,NaN,NaN,NaN,NaN,NaN,NaN,NaN,NaN,NaN,-75.4462998772669,6.41491684012294,NaN,0,0
NaN,NaN,NaN,NaN,NaN,NaN,NaN,NaN,NaN,NaN,NaN,NaN,-75.4468170947503,6.59576742116867,NaN,0,0
NaN,NaN,NaN,NaN,NaN,NaN,NaN,NaN,NaN,NaN,NaN,NaN,-75.4473490121213,6.77661669399199,NaN,0,0
NaN,NaN,NaN,NaN,NaN,NaN,NaN,NaN,NaN,NaN,NaN,NaN,-75.4478956559936,6.95746462339826,NaN,0,0
NaN,NaN,NaN,NaN,NaN,NaN,NaN,NaN,NaN,NaN,NaN,NaN,-75.4484570537426,7.13831117424768,NaN,0,0
NaN,NaN,NaN,NaN,NaN,NaN,NaN,NaN,NaN,NaN,NaN,NaN,-75.4490332335078,7.31915631145671,NaN,0,0
NaN,NaN,NaN,NaN,NaN,NaN,NaN,NaN,NaN,NaN,NaN,NaN,-75.4496242241971,7.49999999999954,NaN,0,0
NaN,NaN,NaN,NaN,NaN,NaN,NaN,NaN,NaN,NaN,NaN,NaN,-75.4502300554898,7.68084220490948,NaN,0,0
NaN,NaN,NaN,NaN,NaN,NaN,NaN,NaN,NaN,NaN,NaN,NaN,-75.4508507578406,7.86168289128039,NaN,0,0
NaN,NaN,NaN,NaN,NaN,NaN,NaN,NaN,NaN,NaN,NaN,NaN,-75.4514863624833,8.04252202426811,NaN,0,0
NaN,NaN,NaN,NaN,NaN,NaN,NaN,NaN,NaN,NaN,NaN,NaN,-75.4521369014347,8.22335956909188,NaN,0,0
NaN,NaN,NaN,NaN,NaN,NaN,NaN,NaN,NaN,NaN,NaN,NaN,-75.4528024074984,8.40419549103574,NaN,0,0
NaN,NaN,NaN,NaN,NaN,NaN,NaN,NaN,NaN,NaN,NaN,NaN,-75.4534829142693,8.58502975544995,NaN,0,0
NaN,NaN,NaN,NaN,NaN,NaN,NaN,NaN,NaN,NaN,NaN,NaN,-75.4541784561374,8.76586232775241,NaN,0,0
NaN,NaN,NaN,NaN,NaN,NaN,NaN,NaN,NaN,NaN,NaN,NaN,-75.4548890682922,8.94669317343007,NaN,0,0
NaN,NaN,NaN,NaN,NaN,NaN,NaN,NaN,NaN,NaN,NaN,NaN,-75.4556147867272,9.1275222580403,NaN,0,0
NaN,NaN,NaN,NaN,NaN,NaN,NaN,NaN,NaN,NaN,NaN,NaN,-75.4563556482444,9.30834954721232,NaN,0,0
NaN,NaN,NaN,NaN,NaN,NaN,NaN,NaN,NaN,NaN,NaN,NaN,-75.4571116904588,9.48917500664859,NaN,0,0
NaN,NaN,NaN,NaN,NaN,NaN,NaN,NaN,NaN,NaN,NaN,NaN,-75.4578829518034,9.66999860212622,NaN,0,0
NaN,NaN,NaN,NaN,NaN,NaN,NaN,NaN,NaN,NaN,NaN,NaN,-75.4586694715336,9.8508202994983,NaN,0,0
NaN,NaN,NaN,NaN,NaN,NaN,NaN,NaN,NaN,NaN,NaN,NaN,-75.4594712897327,10.0316400646954,NaN,0,0
NaN,NaN,NaN,NaN,NaN,NaN,NaN,NaN,NaN,NaN,NaN,NaN,-75.4602884473165,10.2124578637268,NaN,0,0
NaN,NaN,NaN,NaN,NaN,NaN,NaN,NaN,NaN,NaN,NaN,NaN,-75.4611209860389,10.3932736626821,NaN,0,0
NaN,NaN,NaN,NaN,NaN,NaN,NaN,NaN,NaN,NaN,NaN,NaN,-75.4619689484969,10.5740874277322,NaN,0,0
NaN,NaN,NaN,NaN,NaN,NaN,NaN,NaN,NaN,NaN,NaN,NaN,-75.4628323781361,10.7548991251312,NaN,0,0
NaN,NaN,NaN,NaN,NaN,NaN,NaN,NaN,NaN,NaN,NaN,NaN,-75.4637113192562,10.9357087212173,NaN,0,0
NaN,NaN,NaN,NaN,NaN,NaN,NaN,NaN,NaN,NaN,NaN,NaN,-75.2607901220892,4.06375634276491,NaN,0,0
1.1,NaN,1.36044054572103,0.465776245340968,2.61042795259997,NaN,NaN,NaN,NaN,NaN,13,14.9916364713532,-75.2610772971072,4.24462070565552,2.5,33,1
1.2,NaN,1.88194275491409,0.401666278152206,3.67330465386773,NaN,NaN,NaN,NaN,NaN,26,14.6679472660433,-75.261377091212,4.42548422218928,2.3,84,1
1.1,NaN,1.24084137686643,0.35901284023454,2.44325216167905,NaN,NaN,NaN,NaN,NaN,9,14.9766955985512,-75.2616895192628,4.60634685658988,2,26,1
1.3,NaN,1.53280405377618,0.785157280999174,2.4697665246287,NaN,NaN,NaN,NaN,NaN,3,14.7078487867196,-75.2620145967542,4.78720857311705,1.8,8,1
NaN,NaN,NaN,NaN,NaN,NaN,NaN,NaN,NaN,1,0,9.27556007623024,-75.2623523398181,4.96806933606801,1,1,1
NaN,NaN,NaN,NaN,NaN,NaN,NaN,NaN,NaN,1,0,14.6930243932216,-75.262702765225,5.14892910977894,1.4,2,1
NaN,NaN,NaN,NaN,NaN,NaN,NaN,NaN,NaN,NaN,NaN,NaN,-75.263065890387,5.3297878586264,NaN,0,0
NaN,NaN,NaN,NaN,NaN,NaN,NaN,NaN,NaN,NaN,NaN,NaN,-75.263441733359,5.51064554702881,NaN,0,0
NaN,NaN,NaN,NaN,NaN,NaN,NaN,NaN,NaN,NaN,NaN,NaN,-75.2638303128416,5.69150213944793,NaN,0,0
NaN,NaN,NaN,NaN,NaN,NaN,NaN,NaN,NaN,NaN,NaN,NaN,-75.264231648183,5.87235760039023,NaN,0,0
NaN,NaN,NaN,NaN,NaN,NaN,NaN,NaN,NaN,NaN,NaN,NaN,-75.2646457593815,6.05321189440842,NaN,0,0
NaN,NaN,NaN,NaN,NaN,NaN,NaN,NaN,NaN,NaN,NaN,NaN,-75.265072667088,6.23406498610285,NaN,0,0
NaN,NaN,NaN,NaN,NaN,NaN,NaN,NaN,NaN,NaN,NaN,NaN,-75.2655123926085,6.41491684012294,NaN,0,0
NaN,NaN,NaN,NaN,NaN,NaN,NaN,NaN,NaN,NaN,NaN,NaN,-75.2659649579065,6.59576742116867,NaN,0,0
NaN,NaN,NaN,NaN,NaN,NaN,NaN,NaN,NaN,NaN,NaN,NaN,-75.2664303856061,6.77661669399199,NaN,0,0
NaN,NaN,NaN,NaN,NaN,NaN,NaN,NaN,NaN,NaN,NaN,NaN,-75.2669086989944,6.95746462339826,NaN,0,0
NaN,NaN,NaN,NaN,NaN,NaN,NaN,NaN,NaN,NaN,NaN,NaN,-75.2673999220248,7.13831117424768,NaN,0,0
NaN,NaN,NaN,NaN,NaN,NaN,NaN,NaN,NaN,NaN,NaN,NaN,-75.2679040793194,7.31915631145671,NaN,0,0
NaN,NaN,NaN,NaN,NaN,NaN,NaN,NaN,NaN,NaN,NaN,NaN,-75.2684211961724,7.49999999999954,NaN,0,0
NaN,NaN,NaN,NaN,NaN,NaN,NaN,NaN,NaN,NaN,NaN,NaN,-75.2689512985535,7.68084220490948,NaN,0,0
NaN,NaN,NaN,NaN,NaN,NaN,NaN,NaN,NaN,NaN,NaN,NaN,-75.2694944131105,7.86168289128039,NaN,0,0
NaN,NaN,NaN,NaN,NaN,NaN,NaN,NaN,NaN,NaN,NaN,NaN,-75.2700505671729,8.04252202426811,NaN,0,0
NaN,NaN,NaN,NaN,NaN,NaN,NaN,NaN,NaN,NaN,NaN,NaN,-75.2706197887553,8.22335956909188,NaN,0,0
NaN,NaN,NaN,NaN,NaN,NaN,NaN,NaN,NaN,NaN,NaN,NaN,-75.2712021065611,8.40419549103574,NaN,0,0
NaN,NaN,NaN,NaN,NaN,NaN,NaN,NaN,NaN,NaN,NaN,NaN,-75.2717975499857,8.58502975544995,NaN,0,0
NaN,NaN,NaN,NaN,NaN,NaN,NaN,NaN,NaN,NaN,NaN,NaN,-75.2724061491203,8.76586232775241,NaN,0,0
NaN,NaN,NaN,NaN,NaN,NaN,NaN,NaN,NaN,NaN,NaN,NaN,-75.2730279347557,8.94669317343007,NaN,0,0
NaN,NaN,NaN,NaN,NaN,NaN,NaN,NaN,NaN,NaN,NaN,NaN,-75.2736629383863,9.1275222580403,NaN,0,0
NaN,NaN,NaN,NaN,NaN,NaN,NaN,NaN,NaN,NaN,NaN,NaN,-75.2743111922139,9.30834954721232,NaN,0,0
NaN,NaN,NaN,NaN,NaN,NaN,NaN,NaN,NaN,NaN,NaN,NaN,-75.2749727291515,9.48917500664859,NaN,0,0
NaN,NaN,NaN,NaN,NaN,NaN,NaN,NaN,NaN,NaN,NaN,NaN,-75.2756475828279,9.66999860212622,NaN,0,0
NaN,NaN,NaN,NaN,NaN,NaN,NaN,NaN,NaN,NaN,NaN,NaN,-75.2763357875919,9.8508202994983,NaN,0,0
NaN,NaN,NaN,NaN,NaN,NaN,NaN,NaN,NaN,NaN,NaN,NaN,-75.2770373785161,10.0316400646954,NaN,0,0
NaN,NaN,NaN,NaN,NaN,NaN,NaN,NaN,NaN,NaN,NaN,NaN,-75.2777523914019,10.2124578637268,NaN,0,0
NaN,NaN,NaN,NaN,NaN,NaN,NaN,NaN,NaN,NaN,NaN,NaN,-75.2784808627841,10.3932736626821,NaN,0,0
NaN,NaN,NaN,NaN,NaN,NaN,NaN,NaN,NaN,NaN,NaN,NaN,-75.2792228299348,10.5740874277322,NaN,0,0
NaN,NaN,NaN,NaN,NaN,NaN,NaN,NaN,NaN,NaN,NaN,NaN,-75.2799783308691,10.7548991251312,NaN,0,0
NaN,NaN,NaN,NaN,NaN,NaN,NaN,NaN,NaN,NaN,NaN,NaN,-75.2807474043492,10.9357087212173,NaN,0,0
NaN,NaN,NaN,NaN,NaN,NaN,NaN,NaN,NaN,NaN,NaN,NaN,-75.080677247505,4.06375634276491,NaN,0,0
1.4,NaN,1.3624924922455,0.400757315179368,3.11160947179962,NaN,NaN,NaN,NaN,NaN,16,14.9113297981467,-75.0809233975205,4.24462070565552,2.6,72,1
1.4,NaN,1.50673595762353,0.218256070172108,3.64090925771519,NaN,NaN,NaN,NaN,NaN,34,14.9984397463243,-75.081180363896,4.42548422218928,2.3,155,1
1.1,NaN,1.09402426738987,0.12227876246417,3.02297062967073,NaN,NaN,NaN,NaN,NaN,66,14.9096001570432,-75.0814481593681,4.60634685658988,2.4,151,1
0.9,NaN,1.00497896638769,0.124771623840159,2.35163910109114,NaN,NaN,NaN,NaN,NaN,28,14.5490758109064,-75.0817267972179,4.78720857311705,2.3,45,1
1.5,NaN,2.17147240951626,0.54225862890839,3.85926860560235,NaN,NaN,NaN,NaN,NaN,4,14.6658465339076,-75.0820162912726,4.96806933606801,1.7,51,1
1.1,NaN,1.1405713666146,0.299944484157941,2.3685718555829,NaN,NaN,NaN,NaN,NaN,13,14.9892301507647,-75.0823166559072,5.14892910977894,2.3,34,1
1.3,NaN,1.24084137686643,0.807536277850513,2.43614793194903,NaN,NaN,NaN,NaN,NaN,5,14.2599056114003,-75.082627906046,5.3297878586264,2.6,19,1
NaN,NaN,NaN,NaN,NaN,NaN,NaN,NaN,NaN,1,0,12.6322772946371,-75.0829500571649,5.51064554702881,2.6,4,1
NaN,NaN,NaN,NaN,NaN,NaN,NaN,NaN,NaN,1,0,14.8120265715059,-75.0832831252928,5.69150213944793,1.5,6,1
NaN,NaN,NaN,NaN,NaN,NaN,NaN,NaN,NaN,1,0,12.962387551373,-75.083627127014,5.87235760039023,2,6,1
NaN,NaN,NaN,NaN,NaN,NaN,NaN,NaN,NaN,1,0,13.2900371873922,-75.0839820794699,6.05321189440842,1.6,2,1
NaN,NaN,NaN,NaN,NaN,NaN,NaN,NaN,NaN,NaN,NaN,NaN,-75.0843480003612,6.23406498610285,NaN,0,0
NaN,NaN,NaN,NaN,NaN,NaN,NaN,NaN,NaN,NaN,NaN,NaN,-75.0847249079501,6.41491684012294,NaN,0,0
NaN,NaN,NaN,NaN,NaN,NaN,NaN,NaN,NaN,NaN,NaN,NaN,-75.0851128210627,6.59576742116867,NaN,0,0
NaN,NaN,NaN,NaN,NaN,NaN,NaN,NaN,NaN,NaN,NaN,NaN,-75.0855117590909,6.77661669399199,NaN,0,0
NaN,NaN,NaN,NaN,NaN,NaN,NaN,NaN,NaN,NaN,NaN,NaN,-75.0859217419952,6.95746462339826,NaN,0,0
NaN,NaN,NaN,NaN,NaN,NaN,NaN,NaN,NaN,NaN,NaN,NaN,-75.086342790307,7.13831117424768,NaN,0,0
NaN,NaN,NaN,NaN,NaN,NaN,NaN,NaN,NaN,NaN,NaN,NaN,-75.0867749251309,7.31915631145671,NaN,0,0
NaN,NaN,NaN,NaN,NaN,NaN,NaN,NaN,NaN,NaN,NaN,NaN,-75.0872181681478,7.49999999999954,NaN,0,0
NaN,NaN,NaN,NaN,NaN,NaN,NaN,NaN,NaN,NaN,NaN,NaN,-75.0876725416173,7.68084220490948,NaN,0,0
NaN,NaN,NaN,NaN,NaN,NaN,NaN,NaN,NaN,NaN,NaN,NaN,-75.0881380683804,7.86168289128039,NaN,0,0
NaN,NaN,NaN,NaN,NaN,NaN,NaN,NaN,NaN,NaN,NaN,NaN,-75.0886147718625,8.04252202426811,NaN,0,0
NaN,NaN,NaN,NaN,NaN,NaN,NaN,NaN,NaN,NaN,NaN,NaN,-75.089102676076,8.22335956909188,NaN,0,0
NaN,NaN,NaN,NaN,NaN,NaN,NaN,NaN,NaN,NaN,NaN,NaN,-75.0896018056238,8.40419549103574,NaN,0,0
NaN,NaN,NaN,NaN,NaN,NaN,NaN,NaN,NaN,NaN,NaN,NaN,-75.090112185702,8.58502975544995,NaN,0,0
NaN,NaN,NaN,NaN,NaN,NaN,NaN,NaN,NaN,NaN,NaN,NaN,-75.0906338421031,8.76586232775241,NaN,0,0
NaN,NaN,NaN,NaN,NaN,NaN,NaN,NaN,NaN,NaN,NaN,NaN,-75.0911668012192,8.94669317343007,NaN,0,0
NaN,NaN,NaN,NaN,NaN,NaN,NaN,NaN,NaN,NaN,NaN,NaN,-75.0917110900454,9.1275222580403,NaN,0,0
NaN,NaN,NaN,NaN,NaN,NaN,NaN,NaN,NaN,NaN,NaN,NaN,-75.0922667361833,9.30834954721232,NaN,0,0
NaN,NaN,NaN,NaN,NaN,NaN,NaN,NaN,NaN,NaN,NaN,NaN,-75.0928337678441,9.48917500664859,NaN,0,0
NaN,NaN,NaN,NaN,NaN,NaN,NaN,NaN,NaN,NaN,NaN,NaN,-75.0934122138525,9.66999860212622,NaN,0,0
NaN,NaN,NaN,NaN,NaN,NaN,NaN,NaN,NaN,NaN,NaN,NaN,-75.0940021036502,9.8508202994983,NaN,0,0
NaN,NaN,NaN,NaN,NaN,NaN,NaN,NaN,NaN,NaN,NaN,NaN,-75.0946034672995,10.0316400646954,NaN,0,0
NaN,NaN,NaN,NaN,NaN,NaN,NaN,NaN,NaN,NaN,NaN,NaN,-75.0952163354874,10.2124578637268,NaN,0,0
NaN,NaN,NaN,NaN,NaN,NaN,NaN,NaN,NaN,NaN,NaN,NaN,-75.0958407395292,10.3932736626821,NaN,0,0
NaN,NaN,NaN,NaN,NaN,NaN,NaN,NaN,NaN,NaN,NaN,NaN,-75.0964767113727,10.5740874277322,NaN,0,0
NaN,NaN,NaN,NaN,NaN,NaN,NaN,NaN,NaN,NaN,NaN,NaN,-75.0971242836021,10.7548991251312,NaN,0,0
NaN,NaN,NaN,NaN,NaN,NaN,NaN,NaN,NaN,NaN,NaN,NaN,-75.0977834894422,10.9357087212173,NaN,0,0
NaN,NaN,NaN,NaN,NaN,NaN,NaN,NaN,NaN,NaN,NaN,NaN,-74.9005643729209,4.06375634276491,NaN,0,0
1.2,NaN,1.08573620475813,0.778759666097516,2.12209067798934,NaN,NaN,NaN,NaN,NaN,4,14.2536134661641,-74.9007694979338,4.24462070565552,2.6,8,1
1.1,NaN,0.940710069104517,0.103770753848221,2.81293232639861,NaN,NaN,NaN,NaN,NaN,60,14.9777874685502,-74.90098363658,4.42548422218928,2.9,107,1
1.3,NaN,0.925821569948793,0.0761937809176517,3.24496072609166,NaN,NaN,NaN,NaN,NaN,110,14.9873468957009,-74.9012067994734,4.60634685658988,3.3,267,1
1.3,NaN,1.03305062298585,0.0769164743679314,3.43987582288966,NaN,NaN,NaN,NaN,NaN,125,14.9858602811152,-74.9014389976816,4.78720857311705,3.3,251,1
1.3,NaN,1.24084137686643,0.161174136090864,3.36128181693256,NaN,NaN,NaN,NaN,NaN,56,14.9834703708895,-74.9016802427272,4.96806933606801,2.9,143,1
1.4,NaN,1.62184661291671,0.241145308612936,3.92379777185873,NaN,NaN,NaN,NaN,NaN,45,14.9281051207754,-74.9019305465893,5.14892910977894,2.5,145,1
1.4,NaN,1.44764827301084,0.213986406496971,3.47386561355739,NaN,NaN,NaN,NaN,NaN,28,14.9286386801066,-74.902189921705,5.3297878586264,2.3,114,1
1.2,NaN,1.6013092628835,0.173617224904608,3.44008505533808,NaN,NaN,NaN,NaN,NaN,33,14.9266888066034,-74.9024583809707,5.51064554702881,1.8,83,1
1.2,NaN,1.59374121799359,0.229608066093639,3.51454945292026,NaN,NaN,NaN,NaN,NaN,40,14.9910615520639,-74.902735937744,5.69150213944793,2.3,91,1
1.6,NaN,2.3340936912862,0.271688249988305,5.51987974106868,NaN,NaN,NaN,NaN,NaN,61,14.9968888405981,-74.903022605845,5.87235760039023,2.6,255,1
1.6,NaN,2.66367282233994,0.414267678359725,5.62360435176149,NaN,NaN,NaN,NaN,NaN,23,14.6671126000275,-74.9033183995582,6.05321189440842,2.1,68,1
1.3,NaN,1.24084137686643,0.260917463696483,2.78918504898205,NaN,NaN,NaN,NaN,NaN,15,14.9127780098211,-74.9036233336343,6.23406498610285,2.2,36,1
1.5,NaN,1.60849808112315,0.807193845257343,3.43341674224538,NaN,NaN,NaN,NaN,NaN,5,14.9714826916459,-74.9039374232918,6.41491684012294,2.3,19,1
NaN,NaN,NaN,NaN,NaN,NaN,NaN,NaN,NaN,NaN,NaN,NaN,-74.9042606842189,6.59576742116867,NaN,0,0
NaN,NaN,NaN,NaN,NaN,NaN,NaN,NaN,NaN,NaN,NaN,NaN,-74.9045931325758,6.77661669399199,NaN,0,0
NaN,NaN,NaN,NaN,NaN,NaN,NaN,NaN,NaN,NaN,NaN,NaN,-74.904934784996,6.95746462339826,NaN,0,0
NaN,NaN,NaN,NaN,NaN,NaN,NaN,NaN,NaN,NaN,NaN,NaN,-74.9052856585891,7.13831117424768,NaN,0,0
NaN,NaN,NaN,NaN,NaN,NaN,NaN,NaN,NaN,NaN,NaN,NaN,-74.9056457709424,7.31915631145671,NaN,0,0
NaN,NaN,NaN,NaN,NaN,NaN,NaN,NaN,NaN,NaN,NaN,NaN,-74.9060151401232,7.49999999999954,NaN,0,0
NaN,NaN,NaN,NaN,NaN,NaN,NaN,NaN,NaN,NaN,NaN,NaN,-74.9063937846811,7.68084220490948,NaN,0,0
NaN,NaN,NaN,NaN,NaN,NaN,NaN,NaN,NaN,NaN,NaN,NaN,-74.9067817236504,7.86168289128039,NaN,0,0
NaN,NaN,NaN,NaN,NaN,NaN,NaN,NaN,NaN,NaN,NaN,NaN,-74.907178976552,8.04252202426811,NaN,0,0
NaN,NaN,NaN,NaN,NaN,NaN,NaN,NaN,NaN,NaN,NaN,NaN,-74.9075855633967,8.22335956909188,NaN,0,0
NaN,NaN,NaN,NaN,NaN,NaN,NaN,NaN,NaN,NaN,NaN,NaN,-74.9080015046865,8.40419549103574,NaN,0,0
NaN,NaN,NaN,NaN,NaN,NaN,NaN,NaN,NaN,NaN,NaN,NaN,-74.9084268214183,8.58502975544995,NaN,0,0
NaN,NaN,NaN,NaN,NaN,NaN,NaN,NaN,NaN,NaN,NaN,NaN,-74.9088615350859,8.76586232775241,NaN,0,0
NaN,NaN,NaN,NaN,NaN,NaN,NaN,NaN,NaN,NaN,NaN,NaN,-74.9093056676826,8.94669317343007,NaN,0,0
NaN,NaN,NaN,NaN,NaN,NaN,NaN,NaN,NaN,NaN,NaN,NaN,-74.9097592417045,9.1275222580403,NaN,0,0
NaN,NaN,NaN,NaN,NaN,NaN,NaN,NaN,NaN,NaN,NaN,NaN,-74.9102222801528,9.30834954721232,NaN,0,0
NaN,NaN,NaN,NaN,NaN,NaN,NaN,NaN,NaN,NaN,NaN,NaN,-74.9106948065368,9.48917500664859,NaN,0,0
NaN,NaN,NaN,NaN,NaN,NaN,NaN,NaN,NaN,NaN,NaN,NaN,-74.9111768448771,9.66999860212622,NaN,0,0
NaN,NaN,NaN,NaN,NaN,NaN,NaN,NaN,NaN,NaN,NaN,NaN,-74.9116684197085,9.8508202994983,NaN,0,0
NaN,NaN,NaN,NaN,NaN,NaN,NaN,NaN,NaN,NaN,NaN,NaN,-74.9121695560829,10.0316400646954,NaN,0,0
NaN,NaN,NaN,NaN,NaN,NaN,NaN,NaN,NaN,NaN,NaN,NaN,-74.9126802795728,10.2124578637268,NaN,0,0
NaN,NaN,NaN,NaN,NaN,NaN,NaN,NaN,NaN,NaN,NaN,NaN,-74.9132006162743,10.3932736626821,NaN,0,0
NaN,NaN,NaN,NaN,NaN,NaN,NaN,NaN,NaN,NaN,NaN,NaN,-74.9137305928106,10.5740874277322,NaN,0,0
NaN,NaN,NaN,NaN,NaN,NaN,NaN,NaN,NaN,NaN,NaN,NaN,-74.9142702363351,10.7548991251312,NaN,0,0
NaN,NaN,NaN,NaN,NaN,NaN,NaN,NaN,NaN,NaN,NaN,NaN,-74.9148195745352,10.9357087212173,NaN,0,0
NaN,NaN,NaN,NaN,NaN,NaN,NaN,NaN,NaN,NaN,NaN,NaN,-74.7204514983367,4.06375634276491,NaN,0,0
NaN,NaN,NaN,NaN,NaN,NaN,NaN,NaN,NaN,NaN,NaN,NaN,-74.720615598347,4.24462070565552,NaN,0,0
1.2,NaN,1.0423067565678,0.191491512456295,2.42685936693705,NaN,NaN,NaN,NaN,NaN,15,14.2542722365937,-74.720786909264,4.42548422218928,2.1,30,1
1.3,NaN,0.904481069748921,0.0688784367000974,3.27619593579116,NaN,NaN,NaN,NaN,NaN,126,14.994740649486,-74.7209654395787,4.60634685658988,2.8,241,1
1.6,NaN,1.24934029040661,0.0973817071508789,4.09931500976815,NaN,NaN,NaN,NaN,NaN,126,14.995355854338,-74.7211511981453,4.78720857311705,2.8,501,1
1.3,NaN,1.13035550084408,0.0803587094369718,3.65130573904208,NaN,NaN,NaN,NaN,NaN,152,14.9942641346979,-74.7213441941818,4.96806933606801,2.9,327,1
1.2,NaN,1.07980322003268,0.0709748809562262,3.55583525202428,NaN,NaN,NaN,NaN,NaN,182,14.9925153501692,-74.7215444372714,5.14892910977894,2.8,328,1
1.4,NaN,1.09716500691348,0.110879212006011,3.39336350611014,NaN,NaN,NaN,NaN,NaN,72,14.9902533657592,-74.721751937364,5.3297878586264,2.7,189,1
1.2,NaN,1.06810243809152,0.134024496909816,3.00599879531062,NaN,NaN,NaN,NaN,NaN,53,14.9805017013619,-74.7219667047766,5.51064554702881,2.7,111,1
1.2,NaN,1.21992831995295,0.149412918043616,3.16288398827956,NaN,NaN,NaN,NaN,NaN,50,14.8232083520025,-74.7221887501952,5.69150213944793,2.5,99,1
1.5,NaN,1.52661090608416,0.320640421784886,3.75231435702519,NaN,NaN,NaN,NaN,NaN,29,14.9793309334166,-74.722418084676,5.87235760039023,2.6,120,1
1.5,NaN,5.21153378283901,2.08227313500821,8.81557530726208,NaN,NaN,NaN,NaN,NaN,3,14.6377252713571,-74.7226547196466,6.05321189440842,1.7,21,1
1.5,NaN,0.941843454729945,0.178330728557038,2.66803768719822,NaN,NaN,NaN,NaN,NaN,18,14.7370933624044,-74.7228986669075,6.23406498610285,2.9,78,1
1.5,NaN,1.04829702528371,0.170602436862453,3.01960356926779,NaN,NaN,NaN,NaN,NaN,28,14.9383099873156,-74.7231499386334,6.41491684012294,2.6,103,1
1.3,NaN,0.884192358365903,0.127286977589755,2.68092898291793,NaN,NaN,NaN,NaN,NaN,34,14.9648835117935,-74.7234085473752,6.59576742116867,2.7,61,1
1.4,NaN,0.764358288149722,0.189012785381151,2.18793011738281,NaN,NaN,NaN,NaN,NaN,11,14.5909424691299,-74.7236745060606,6.77661669399199,2.8,20,1
1.7,NaN,0.868588963806504,0.780852425628082,1.77763123413504,NaN,NaN,NaN,NaN,NaN,2,14.9658700092166,-74.7239478279968,6.95746462339826,2.6,7,1
NaN,NaN,NaN,NaN,NaN,NaN,NaN,NaN,NaN,NaN,NaN,NaN,-74.7242285268713,7.13831117424768,NaN,0,0
NaN,NaN,NaN,NaN,NaN,NaN,NaN,NaN,NaN,NaN,NaN,NaN,-74.7245166167539,7.31915631145671,NaN,0,0
NaN,NaN,NaN,NaN,NaN,NaN,NaN,NaN,NaN,NaN,NaN,NaN,-74.7248121120985,7.49999999999954,NaN,0,0
NaN,NaN,NaN,NaN,NaN,NaN,NaN,NaN,NaN,NaN,NaN,NaN,-74.7251150277449,7.68084220490948,NaN,0,0
NaN,NaN,NaN,NaN,NaN,NaN,NaN,NaN,NaN,NaN,NaN,NaN,-74.7254253789203,7.86168289128039,NaN,0,0
NaN,NaN,NaN,NaN,NaN,NaN,NaN,NaN,NaN,NaN,NaN,NaN,-74.7257431812416,8.04252202426811,NaN,0,0
NaN,NaN,NaN,NaN,NaN,NaN,NaN,NaN,NaN,NaN,NaN,NaN,-74.7260684507173,8.22335956909188,NaN,0,0
NaN,NaN,NaN,NaN,NaN,NaN,NaN,NaN,NaN,NaN,NaN,NaN,-74.7264012037492,8.40419549103574,NaN,0,0
NaN,NaN,NaN,NaN,NaN,NaN,NaN,NaN,NaN,NaN,NaN,NaN,-74.7267414571347,8.58502975544995,NaN,0,0
NaN,NaN,NaN,NaN,NaN,NaN,NaN,NaN,NaN,NaN,NaN,NaN,-74.7270892280687,8.76586232775241,NaN,0,0
NaN,NaN,NaN,NaN,NaN,NaN,NaN,NaN,NaN,NaN,NaN,NaN,-74.7274445341461,8.94669317343007,NaN,0,0
NaN,NaN,NaN,NaN,NaN,NaN,NaN,NaN,NaN,NaN,NaN,NaN,-74.7278073933636,9.1275222580403,NaN,0,0
NaN,NaN,NaN,NaN,NaN,NaN,NaN,NaN,NaN,NaN,NaN,NaN,-74.7281778241222,9.30834954721232,NaN,0,0
NaN,NaN,NaN,NaN,NaN,NaN,NaN,NaN,NaN,NaN,NaN,NaN,-74.7285558452294,9.48917500664859,NaN,0,0
NaN,NaN,NaN,NaN,NaN,NaN,NaN,NaN,NaN,NaN,NaN,NaN,-74.7289414759017,9.66999860212622,NaN,0,0
NaN,NaN,NaN,NaN,NaN,NaN,NaN,NaN,NaN,NaN,NaN,NaN,-74.7293347357668,9.8508202994983,NaN,0,0
NaN,NaN,NaN,NaN,NaN,NaN,NaN,NaN,NaN,NaN,NaN,NaN,-74.7297356448663,10.0316400646954,NaN,0,0
NaN,NaN,NaN,NaN,NaN,NaN,NaN,NaN,NaN,NaN,NaN,NaN,-74.7301442236583,10.2124578637268,NaN,0,0
NaN,NaN,NaN,NaN,NaN,NaN,NaN,NaN,NaN,NaN,NaN,NaN,-74.7305604930195,10.3932736626821,NaN,0,0
NaN,NaN,NaN,NaN,NaN,NaN,NaN,NaN,NaN,NaN,NaN,NaN,-74.7309844742485,10.5740874277322,NaN,0,0
NaN,NaN,NaN,NaN,NaN,NaN,NaN,NaN,NaN,NaN,NaN,NaN,-74.7314161890681,10.7548991251312,NaN,0,0
NaN,NaN,NaN,NaN,NaN,NaN,NaN,NaN,NaN,NaN,NaN,NaN,-74.7318556596281,10.9357087212173,NaN,0,0
NaN,NaN,NaN,NaN,NaN,NaN,NaN,NaN,NaN,NaN,NaN,NaN,-74.5403386237525,4.06375634276491,NaN,0,0
NaN,NaN,NaN,NaN,NaN,NaN,NaN,NaN,NaN,NaN,NaN,NaN,-74.5404616987602,4.24462070565552,NaN,0,0
2.1,NaN,8.68588963806507,0,24.3204909865822,NaN,NaN,NaN,NaN,NaN,1,14.7342465544987,-74.540590181948,4.42548422218928,2.8,8,1
1.4,NaN,0.781941402940162,0.108568746878407,2.66291968818322,NaN,NaN,NaN,NaN,NaN,37,14.9219508856315,-74.540724079684,4.60634685658988,2.8,86,1
1.2,NaN,1.083515885321,0.0839971745189498,3.38657889305994,NaN,NaN,NaN,NaN,NaN,122,14.9907542081595,-74.5408633986089,4.78720857311705,2.7,192,1
1.5,NaN,1.12764181266108,0.166639208807219,3.25966444305861,NaN,NaN,NaN,NaN,NaN,37,14.9359137524752,-74.5410081456363,4.96806933606801,2.8,137,1
1.5,NaN,1.1307075268487,0.148709778948201,3.33951396675924,NaN,NaN,NaN,NaN,NaN,44,14.9887235075744,-74.5411583279536,5.14892910977894,2.8,155,1
1.4,NaN,1.25945399751943,0.142567319856229,3.52666359009014,NaN,NaN,NaN,NaN,NaN,58,14.8148650113745,-74.541313953023,5.3297878586264,2.7,149,1
1.5,NaN,0.828500242400049,0.153217263441891,2.73411205743435,NaN,NaN,NaN,NaN,NaN,31,14.928437377681,-74.5414750285824,5.51064554702881,4.1,96,1
1.6,NaN,0.75529475113609,0.193217541261877,2.28765284786537,NaN,NaN,NaN,NaN,NaN,12,14.8642712751228,-74.5416415626464,5.69150213944793,3,67,1
1.8,NaN,2.36887899219955,0.922722796295252,5.04213343634284,NaN,NaN,NaN,NaN,NaN,6,14.9989043711878,-74.541813563507,5.87235760039023,2.2,43,1
1.3,NaN,1.73717792761301,0.620813903679996,2.95730131023293,NaN,NaN,NaN,NaN,NaN,5,14.9973232319343,-74.5419910397349,6.05321189440842,1.8,14,1
1.5,NaN,1.08573620475813,0.217569980700988,2.70778555318482,NaN,NaN,NaN,NaN,NaN,12,14.722906634608,-74.5421740001806,6.23406498610285,2.3,53,1
1.6,NaN,1.87342717683756,0.419003434619582,4.03887616809831,NaN,NaN,NaN,NaN,NaN,11,14.9258569407119,-74.5423624539751,6.41491684012294,2.1,60,1
1.5,NaN,1.16180689426348,0.290524374340659,3.06492963612913,NaN,NaN,NaN,NaN,NaN,21,14.9829455939535,-74.5425564105314,6.59576742116867,3.2,89,1
1.3,NaN,1.15957720608929,0.144035530498595,3.23172623751686,NaN,NaN,NaN,NaN,NaN,53,14.8837200918027,-74.5427558795455,6.77661669399199,2.8,105,1
1.6,NaN,0.802897361501811,0.161747083434012,2.4063181997113,NaN,NaN,NaN,NaN,NaN,11,14.9787464021676,-74.5429608709976,6.95746462339826,2.8,44,1
1.6,NaN,0.965098848673894,0.445946212628433,2.21429918233267,NaN,NaN,NaN,NaN,NaN,3,14.1368654562293,-74.5431713951535,7.13831117424768,2.5,15,1
NaN,NaN,NaN,NaN,NaN,NaN,NaN,NaN,NaN,NaN,NaN,NaN,-74.5433874625654,7.31915631145671,NaN,0,0
NaN,NaN,NaN,NaN,NaN,NaN,NaN,NaN,NaN,NaN,NaN,NaN,-74.5436090840739,7.49999999999954,NaN,0,0
NaN,NaN,NaN,NaN,NaN,NaN,NaN,NaN,NaN,NaN,NaN,NaN,-74.5438362708087,7.68084220490948,NaN,0,0
NaN,NaN,NaN,NaN,NaN,NaN,NaN,NaN,NaN,NaN,NaN,NaN,-74.5440690341902,7.86168289128039,NaN,0,0
NaN,NaN,NaN,NaN,NaN,NaN,NaN,NaN,NaN,NaN,NaN,NaN,-74.5443073859312,8.04252202426811,NaN,0,0
NaN,NaN,NaN,NaN,NaN,NaN,NaN,NaN,NaN,NaN,NaN,NaN,-74.544551338038,8.22335956909188,NaN,0,0
NaN,NaN,NaN,NaN,NaN,NaN,NaN,NaN,NaN,NaN,NaN,NaN,-74.5448009028119,8.40419549103574,NaN,0,0
NaN,NaN,NaN,NaN,NaN,NaN,NaN,NaN,NaN,NaN,NaN,NaN,-74.545056092851,8.58502975544995,NaN,0,0
NaN,NaN,NaN,NaN,NaN,NaN,NaN,NaN,NaN,NaN,NaN,NaN,-74.5453169210515,8.76586232775241,NaN,0,0
NaN,NaN,NaN,NaN,NaN,NaN,NaN,NaN,NaN,NaN,NaN,NaN,-74.5455834006096,8.94669317343007,NaN,0,0
NaN,NaN,NaN,NaN,NaN,NaN,NaN,NaN,NaN,NaN,NaN,NaN,-74.5458555450227,9.1275222580403,NaN,0,0
NaN,NaN,NaN,NaN,NaN,NaN,NaN,NaN,NaN,NaN,NaN,NaN,-74.5461333680917,9.30834954721232,NaN,0,0
NaN,NaN,NaN,NaN,NaN,NaN,NaN,NaN,NaN,NaN,NaN,NaN,-74.5464168839221,9.48917500664859,NaN,0,0
NaN,NaN,NaN,NaN,NaN,NaN,NaN,NaN,NaN,NaN,NaN,NaN,-74.5467061069263,9.66999860212622,NaN,0,0
NaN,NaN,NaN,NaN,NaN,NaN,NaN,NaN,NaN,NaN,NaN,NaN,-74.5470010518251,9.8508202994983,NaN,0,0
NaN,NaN,NaN,NaN,NaN,NaN,NaN,NaN,NaN,NaN,NaN,NaN,-74.5473017336497,10.0316400646954,NaN,0,0
NaN,NaN,NaN,NaN,NaN,NaN,NaN,NaN,NaN,NaN,NaN,NaN,-74.5476081677437,10.2124578637268,NaN,0,0
NaN,NaN,NaN,NaN,NaN,NaN,NaN,NaN,NaN,NaN,NaN,NaN,-74.5479203697646,10.3932736626821,NaN,0,0
NaN,NaN,NaN,NaN,NaN,NaN,NaN,NaN,NaN,NaN,NaN,NaN,-74.5482383556864,10.5740874277322,NaN,0,0
NaN,NaN,NaN,NaN,NaN,NaN,NaN,NaN,NaN,NaN,NaN,NaN,-74.548562141801,10.7548991251312,NaN,0,0
NaN,NaN,NaN,NaN,NaN,NaN,NaN,NaN,NaN,NaN,NaN,NaN,-74.5488917447211,10.9357087212173,NaN,0,0
NaN,NaN,NaN,NaN,NaN,NaN,NaN,NaN,NaN,NaN,NaN,NaN,-74.3602257491683,4.06375634276491,NaN,0,0
NaN,NaN,NaN,NaN,NaN,NaN,NaN,NaN,NaN,NaN,NaN,NaN,-74.3603077991735,4.24462070565552,NaN,0,0
1.5,NaN,8.68588963806503,0,13.0288344570975,NaN,NaN,NaN,NaN,NaN,1,14.6970723556643,-74.360393454632,4.42548422218928,1.5,6,1
1.3,NaN,0.819423550760852,0.29056704077807,1.76422062032513,NaN,NaN,NaN,NaN,NaN,5,14.7330897792915,-74.3604827197894,4.60634685658988,2.4,14,1
1.6,NaN,8.68588963806503,0,15.634601348517,NaN,NaN,NaN,NaN,NaN,1,14.9507248159443,-74.3605755990726,4.78720857311705,1.8,8,1
1.7,NaN,8.68588963806503,0,15.634601348517,NaN,NaN,NaN,NaN,NaN,1,14.8185556197609,-74.3606720970909,4.96806933606801,1.8,8,1
1.5,NaN,0.814302153568597,0.353123326401828,1.99960448073654,NaN,NaN,NaN,NaN,NaN,6,14.7351133494737,-74.3607722186357,5.14892910977894,2.8,21,1
1.3,NaN,0.917143626379538,0.156490848083574,2.72376563133566,NaN,NaN,NaN,NaN,NaN,34,14.8248523960707,-74.360875968682,5.3297878586264,3.8,58,1
1.3,NaN,0.866247753661473,0.142593591476442,2.69432380382691,NaN,NaN,NaN,NaN,NaN,37,14.9688854729704,-74.3609833523883,5.51064554702881,4.1,66,1
1.3,NaN,1.11636826069174,0.12312668312322,3.36509259128298,NaN,NaN,NaN,NaN,NaN,82,14.9504257548756,-74.3610943750976,5.69150213944793,3,151,1
1.3,NaN,1.02276732117813,0.100831226625736,3.1556723202324,NaN,NaN,NaN,NaN,NaN,67,14.9680222524547,-74.361209042338,5.87235760039023,2.8,137,1
1.4,NaN,1.04129086304288,0.137397743796632,3.37162106064376,NaN,NaN,NaN,NaN,NaN,82,14.9905660610837,-74.3613273598233,6.05321189440842,4.5,187,1
1.4,NaN,0.943411234096951,0.119963460865593,3.08420372129867,NaN,NaN,NaN,NaN,NaN,58,14.9497891605196,-74.3614493334537,6.23406498610285,3.2,124,1
1.6,NaN,1.36492551455308,0.294863721759129,3.52630350410713,NaN,NaN,NaN,NaN,NaN,22,14.9975053869193,-74.3615749693167,6.41491684012294,2.7,96,1
1.6,NaN,1.5140541570939,0.490853763889409,3.70124025230307,NaN,NaN,NaN,NaN,NaN,19,14.8290854417915,-74.3617042736876,6.59576742116867,3.2,68,1
1.3,NaN,1.08573620475813,0.208741741752731,2.91660704450548,NaN,NaN,NaN,NaN,NaN,32,14.9359207870766,-74.3618372530303,6.77661669399199,3.5,69,1
1.3,NaN,1.32025522498588,0.273492024291981,2.99508539343448,NaN,NaN,NaN,NaN,NaN,19,14.579235889745,-74.3619739139984,6.95746462339826,2.2,50,1
1.3,NaN,0.985965850807382,0.16321731115758,2.60397490078352,NaN,NaN,NaN,NaN,NaN,21,14.9414863819275,-74.3621142634356,7.13831117424768,2.2,45,1
0.9,NaN,0.593445875892642,0.142749886273729,1.5754939734616,NaN,NaN,NaN,NaN,NaN,11,14.8619308905645,-74.362258308377,7.31915631145671,2.9,20,1
NaN,NaN,NaN,NaN,NaN,NaN,NaN,NaN,NaN,NaN,NaN,NaN,-74.3624060560493,7.49999999999954,NaN,0,0
1,NaN,8.68588963806503,0,8.68588963806503,NaN,NaN,NaN,NaN,NaN,1,14.8971656607651,-74.3625575138724,7.68084220490948,1,5,1
NaN,NaN,NaN,NaN,NaN,NaN,NaN,NaN,NaN,1,0,14.9958569993933,-74.3627126894601,7.86168289128039,1.5,5,1
NaN,NaN,NaN,NaN,NaN,NaN,NaN,NaN,NaN,NaN,NaN,NaN,-74.3628715906208,8.04252202426811,NaN,0,0
NaN,NaN,NaN,NaN,NaN,NaN,NaN,NaN,NaN,NaN,NaN,NaN,-74.3630342253587,8.22335956909188,NaN,0,0
NaN,NaN,NaN,NaN,NaN,NaN,NaN,NaN,NaN,NaN,NaN,NaN,-74.3632006018746,8.40419549103574,NaN,0,0
NaN,NaN,NaN,NaN,NaN,NaN,NaN,NaN,NaN,NaN,NaN,NaN,-74.3633707285673,8.58502975544995,NaN,0,0
NaN,NaN,NaN,NaN,NaN,NaN,NaN,NaN,NaN,NaN,NaN,NaN,-74.3635446140344,8.76586232775241,NaN,0,0
NaN,NaN,NaN,NaN,NaN,NaN,NaN,NaN,NaN,NaN,NaN,NaN,-74.3637222670731,8.94669317343007,NaN,0,0
NaN,NaN,NaN,NaN,NaN,NaN,NaN,NaN,NaN,NaN,NaN,NaN,-74.3639036966818,9.1275222580403,NaN,0,0
NaN,NaN,NaN,NaN,NaN,NaN,NaN,NaN,NaN,NaN,NaN,NaN,-74.3640889120611,9.30834954721232,NaN,0,0
NaN,NaN,NaN,NaN,NaN,NaN,NaN,NaN,NaN,NaN,NaN,NaN,-74.3642779226147,9.48917500664859,NaN,0,0
NaN,NaN,NaN,NaN,NaN,NaN,NaN,NaN,NaN,NaN,NaN,NaN,-74.3644707379508,9.66999860212622,NaN,0,0
NaN,NaN,NaN,NaN,NaN,NaN,NaN,NaN,NaN,NaN,NaN,NaN,-74.3646673678834,9.8508202994983,NaN,0,0
NaN,NaN,NaN,NaN,NaN,NaN,NaN,NaN,NaN,NaN,NaN,NaN,-74.3648678224332,10.0316400646954,NaN,0,0
NaN,NaN,NaN,NaN,NaN,NaN,NaN,NaN,NaN,NaN,NaN,NaN,-74.3650721118291,10.2124578637268,NaN,0,0
NaN,NaN,NaN,NaN,NaN,NaN,NaN,NaN,NaN,NaN,NaN,NaN,-74.3652802465097,10.3932736626821,NaN,0,0
NaN,NaN,NaN,NaN,NaN,NaN,NaN,NaN,NaN,NaN,NaN,NaN,-74.3654922371242,10.5740874277322,NaN,0,0
NaN,NaN,NaN,NaN,NaN,NaN,NaN,NaN,NaN,NaN,NaN,NaN,-74.365708094534,10.7548991251312,NaN,0,0
NaN,NaN,NaN,NaN,NaN,NaN,NaN,NaN,NaN,NaN,NaN,NaN,-74.3659278298141,10.9357087212173,NaN,0,0
NaN,NaN,NaN,NaN,NaN,NaN,NaN,NaN,NaN,NaN,NaN,NaN,-74.1801128745842,4.06375634276491,NaN,0,0
NaN,NaN,NaN,NaN,NaN,NaN,NaN,NaN,NaN,NaN,NaN,NaN,-74.1801538995867,4.24462070565552,NaN,0,0
NaN,NaN,NaN,NaN,NaN,NaN,NaN,NaN,NaN,NaN,NaN,NaN,-74.180196727316,4.42548422218928,NaN,0,0
NaN,NaN,NaN,NaN,NaN,NaN,NaN,NaN,NaN,NaN,NaN,NaN,-74.1802413598947,4.60634685658988,NaN,0,0
NaN,NaN,NaN,NaN,NaN,NaN,NaN,NaN,NaN,NaN,NaN,NaN,-74.1802877995363,4.78720857311705,NaN,0,0
NaN,NaN,NaN,NaN,NaN,NaN,NaN,NaN,NaN,NaN,NaN,NaN,-74.1803360485454,4.96806933606801,NaN,0,0
NaN,NaN,NaN,NaN,NaN,NaN,NaN,NaN,NaN,1,0,14.7118463404007,-74.1803861093179,5.14892910977894,1.8,2,1
1.4,NaN,0.620420688433217,0.488265667434742,1.53269102397779,NaN,NaN,NaN,NaN,NaN,4,14.3378016654749,-74.180437984341,5.3297878586264,3.8,11,1
1.3,NaN,1.79232643325151,0.4839357505677,3.4439677155338,NaN,NaN,NaN,NaN,NaN,13,14.4278350015501,-74.1804916761941,5.51064554702881,2,35,1
1.5,NaN,1.08073281210947,0.166212127877654,3.0524629823232,NaN,NaN,NaN,NaN,NaN,27,14.8813026873181,-74.1805471875488,5.69150213944793,2.7,124,1
1.5,NaN,1.4650898184688,0.174756945085579,3.9458227547094,NaN,NaN,NaN,NaN,NaN,56,14.9568851555258,-74.180604521169,5.87235760039023,2.8,186,1
1.5,NaN,1.19930693747342,0.187834658518557,3.61850434175199,NaN,NaN,NaN,NaN,NaN,66,14.7850089793627,-74.1806636799116,6.05321189440842,4.5,194,1
1.3,NaN,0.951311722264266,0.151237526870539,2.89946307062512,NaN,NaN,NaN,NaN,NaN,46,14.9318759525442,-74.1807246667269,6.23406498610285,4.1,82,1
1.3,NaN,0.737178825370834,0.127824162811251,2.62109030466366,NaN,NaN,NaN,NaN,NaN,46,14.9523533838476,-74.1807874846584,6.41491684012294,4,81,1
1.3,NaN,0.935083812710351,0.119772637834301,3.16985146596278,NaN,NaN,NaN,NaN,NaN,90,14.9903980060016,-74.1808521368438,6.59576742116867,4,207,1
1.4,NaN,1.16676129466545,0.27994276019034,2.58770832197096,NaN,NaN,NaN,NaN,NaN,9,14.9952430854243,-74.1809186265152,6.77661669399199,2.2,49,1
1.3,NaN,1.24084137686644,0.321864628590235,2.99330503163797,NaN,NaN,NaN,NaN,NaN,24,14.8861940268881,-74.1809869569992,6.95746462339826,3.3,78,1
1,NaN,0.921080657172233,0.0837383485534179,2.88956360572617,NaN,NaN,NaN,NaN,NaN,93,14.9373350512037,-74.1810571317178,7.13831117424768,2.9,160,1
1.2,NaN,0.804762937712096,0.0840823300303074,2.72914351881745,NaN,NaN,NaN,NaN,NaN,58,14.8997613151958,-74.1811291541885,7.31915631145671,2.9,127,1
1.3,NaN,1.24084137686644,0.173573430391288,3.18129551399336,NaN,NaN,NaN,NaN,NaN,37,14.9578181428807,-74.1812030280246,7.49999999999954,2.2,103,1
1.2,NaN,1.10759666525662,0.132310913110205,3.08499085398043,NaN,NaN,NaN,NaN,NaN,57,14.9913832922474,-74.1812787569362,7.68084220490948,3.2,168,1
1.4,NaN,1.16518031730141,0.243900478858251,2.97367512504418,NaN,NaN,NaN,NaN,NaN,22,14.7780064105041,-74.1813563447301,7.86168289128039,2.8,106,1
1.4,NaN,1.53280405377618,0.785157280999171,2.62304693000632,NaN,NaN,NaN,NaN,NaN,3,14.9410757379205,-74.1814357953104,8.04252202426811,1.9,24,1
1.5,NaN,1.17376887000879,0.307225271920456,2.4596233093492,NaN,NaN,NaN,NaN,NaN,5,14.8025763947878,-74.1815171126793,8.22335956909188,2,15,1
0.8,NaN,0.676044612223782,0.0523034231370879,2.43846278106947,NaN,NaN,NaN,NaN,NaN,79,14.9043381030118,-74.1816003009373,8.40419549103574,3.4,127,1
1.8,NaN,0.921965939235954,0.186481154437595,2.93829229157755,NaN,NaN,NaN,NaN,NaN,19,14.6980735063782,-74.1816853642837,8.58502975544995,3.2,126,1
1.8,NaN,1.02186936918412,0.330688183096205,2.91854611057905,NaN,NaN,NaN,NaN,NaN,12,14.9059301058,-74.1817723070172,8.76586232775241,3.4,74,1
1.1,NaN,0.929682377162924,0.126643898925353,2.56671865922949,NaN,NaN,NaN,NaN,NaN,35,14.9233280826311,-74.1818611335365,8.94669317343007,2.4,58,1
1.8,NaN,2.28576043106975,0.899255846824149,5.04191482336854,NaN,NaN,NaN,NaN,NaN,5,14.7627034325132,-74.1819518483409,9.1275222580403,2.3,34,1
NaN,NaN,NaN,NaN,NaN,NaN,NaN,NaN,NaN,NaN,NaN,NaN,-74.1820444560306,9.30834954721232,NaN,0,0
NaN,NaN,NaN,NaN,NaN,NaN,NaN,NaN,NaN,NaN,NaN,NaN,-74.1821389613074,9.48917500664859,NaN,0,0
NaN,NaN,NaN,NaN,NaN,NaN,NaN,NaN,NaN,NaN,NaN,NaN,-74.1822353689754,9.66999860212622,NaN,0,0
NaN,NaN,NaN,NaN,NaN,NaN,NaN,NaN,NaN,NaN,NaN,NaN,-74.1823336839417,9.8508202994983,NaN,0,0
1.7,NaN,0.72382413650542,0.662760546443588,1.53153102772319,NaN,NaN,NaN,NaN,NaN,2,14.9393673278658,-74.1824339112166,10.0316400646954,2.8,18,1
NaN,NaN,NaN,NaN,NaN,NaN,NaN,NaN,NaN,NaN,NaN,NaN,-74.1825360559146,10.2124578637268,NaN,0,0
NaN,NaN,NaN,NaN,NaN,NaN,NaN,NaN,NaN,NaN,NaN,NaN,-74.1826401232549,10.3932736626821,NaN,0,0
NaN,NaN,NaN,NaN,NaN,NaN,NaN,NaN,NaN,NaN,NaN,NaN,-74.1827461185621,10.5740874277322,NaN,0,0
NaN,NaN,NaN,NaN,NaN,NaN,NaN,NaN,NaN,NaN,NaN,NaN,-74.182854047267,10.7548991251312,NaN,0,0
NaN,NaN,NaN,NaN,NaN,NaN,NaN,NaN,NaN,NaN,NaN,NaN,-74.182963914907,10.9357087212173,NaN,0,0
NaN,NaN,NaN,NaN,NaN,NaN,NaN,NaN,NaN,NaN,NaN,NaN,-74,4.06375634276491,NaN,0,0
NaN,NaN,NaN,NaN,NaN,NaN,NaN,NaN,NaN,NaN,NaN,NaN,-74,4.24462070565552,NaN,0,0
NaN,NaN,NaN,NaN,NaN,NaN,NaN,NaN,NaN,NaN,NaN,NaN,-74,4.42548422218928,NaN,0,0
NaN,NaN,NaN,NaN,NaN,NaN,NaN,NaN,NaN,NaN,NaN,NaN,-74,4.60634685658988,NaN,0,0
NaN,NaN,NaN,NaN,NaN,NaN,NaN,NaN,NaN,NaN,NaN,NaN,-74,4.78720857311705,NaN,0,0
NaN,NaN,NaN,NaN,NaN,NaN,NaN,NaN,NaN,NaN,NaN,NaN,-74,4.96806933606801,NaN,0,0
NaN,NaN,NaN,NaN,NaN,NaN,NaN,NaN,NaN,NaN,NaN,NaN,-74,5.14892910977894,NaN,0,0
NaN,NaN,NaN,NaN,NaN,NaN,NaN,NaN,NaN,NaN,NaN,NaN,-74,5.3297878586264,NaN,0,0
1.1,NaN,2.04373873836824,0.478190641281013,3.15120259919701,NaN,NaN,NaN,NaN,NaN,8,14.4778620621815,-74,5.51064554702881,1.5,13,1
1.5,NaN,1.0423067565678,0.320426587785467,2.34161138523535,NaN,NaN,NaN,NaN,NaN,6,14.6706282978503,-74,5.69150213944793,2.4,24,1
1.5,NaN,1.59536748454256,0.334104390817733,3.82441499097282,NaN,NaN,NaN,NaN,NaN,27,14.9100548012052,-74,5.87235760039023,2.8,94,1
1.5,NaN,0.789626330733185,0.120587558533095,2.83765200987512,NaN,NaN,NaN,NaN,NaN,45,14.7949152343698,-74,6.05321189440842,4.1,108,1
1.5,NaN,0.979136650109149,0.155056855402786,2.960066668998,NaN,NaN,NaN,NaN,NaN,31,14.9396209897066,-74,6.23406498610285,2.7,82,1
1.5,NaN,1.19530591349519,0.170231053642254,3.27008012496244,NaN,NaN,NaN,NaN,NaN,30,14.9779210851289,-74,6.41491684012294,2.5,71,1
1.3,NaN,1.06903257083877,0.182186939688536,3.07098357946599,NaN,NaN,NaN,NaN,NaN,48,14.6605988728277,-74,6.59576742116867,3.7,132,1
1.3,NaN,1.36722336895468,0.184866337260511,3.30886929668334,NaN,NaN,NaN,NaN,NaN,34,14.9241713542556,-74,6.77661669399199,2.1,100,1
1.3,NaN,0.905478842578209,0.161616175984931,2.60848625951066,NaN,NaN,NaN,NaN,NaN,27,14.9928912649476,-74,6.95746462339826,3.3,84,1
1,NaN,0.896251032717539,0.0953034732523207,2.80473605159619,NaN,NaN,NaN,NaN,NaN,81,14.9892840008285,-74,7.13831117424768,3.2,148,1
1,NaN,0.984483904457873,0.108000407785383,2.88211099574831,NaN,NaN,NaN,NaN,NaN,79,14.952559775923,-74,7.31915631145671,2.8,146,1
1.3,NaN,1.19430982523394,0.158060538207785,3.19605544929031,NaN,NaN,NaN,NaN,NaN,44,14.9875153021894,-74,7.49999999999954,2.5,145,1
1.2,NaN,1.07275927800803,0.182407847584181,2.77867282744391,NaN,NaN,NaN,NaN,NaN,31,14.7708082354721,-74,7.68084220490948,2.5,106,1
1.1,NaN,0.965098848673894,0.142673045972788,2.56675871186119,NaN,NaN,NaN,NaN,NaN,32,14.9348394545846,-74,7.86168289128039,2.3,84,1
1.1,NaN,0.868588963806504,0.222894022595723,2.24642673922373,NaN,NaN,NaN,NaN,NaN,16,14.9159847833995,-74,8.04252202426811,3.1,58,1
1.5,NaN,8.68588963806503,0,13.897423420904,NaN,NaN,NaN,NaN,NaN,1,14.9762259313035,-74,8.22335956909188,1.6,9,1
1.1,NaN,0.917143626379538,0.160437980953587,2.23930691039577,NaN,NaN,NaN,NaN,NaN,17,14.927570358628,-74,8.40419549103574,2.4,38,1
1.5,NaN,0.875322211587949,0.230645330025097,2.42692666968876,NaN,NaN,NaN,NaN,NaN,13,14.911457691961,-74,8.58502975544995,2.8,52,1
1.2,NaN,1.00449063841568,0.233121901977403,2.43583768747709,NaN,NaN,NaN,NaN,NaN,17,14.9031355005415,-74,8.76586232775241,2.8,38,1
1.3,NaN,1.15270684916377,0.120752074558437,3.34977725263198,NaN,NaN,NaN,NaN,NaN,71,14.9165324995369,-74,8.94669317343007,2.8,175,1
1.2,NaN,1.22277087137809,0.145379543014665,3.23075303921664,NaN,NaN,NaN,NaN,NaN,58,14.5932439817741,-74,9.1275222580403,2.8,115,1
NaN,NaN,NaN,NaN,NaN,NaN,NaN,NaN,NaN,1,0,11.5467092379578,-74,9.30834954721232,1.6,2,1
NaN,NaN,NaN,NaN,NaN,NaN,NaN,NaN,NaN,1,0,14.738967932276,-74,9.48917500664859,1.3,3,1
NaN,NaN,NaN,NaN,NaN,NaN,NaN,NaN,NaN,1,0,14.8626461610372,-74,9.66999860212622,1.7,5,1
1.2,NaN,0.646821568792077,0.161138095915392,1.92231391822873,NaN,NaN,NaN,NaN,NaN,14,14.9745999871514,-74,9.8508202994983,3.4,31,1
1.4,NaN,0.901025896064838,0.182863395874406,2.65937626316281,NaN,NaN,NaN,NaN,NaN,25,14.7964080743664,-74,10.0316400646954,3.4,78,1
1.9,NaN,1.24084137686644,1.06238425255521,3.03088102477014,NaN,NaN,NaN,NaN,NaN,2,14.9754079505969,-74,10.2124578637268,2.8,23,1
NaN,NaN,NaN,NaN,NaN,NaN,NaN,NaN,NaN,NaN,NaN,NaN,-74,10.3932736626821,NaN,0,0
NaN,NaN,NaN,NaN,NaN,NaN,NaN,NaN,NaN,NaN,NaN,NaN,-74,10.5740874277322,NaN,0,0
NaN,NaN,NaN,NaN,NaN,NaN,NaN,NaN,NaN,NaN,NaN,NaN,-74,10.7548991251312,NaN,0,0
NaN,NaN,NaN,NaN,NaN,NaN,NaN,NaN,NaN,NaN,NaN,NaN,-74,10.9357087212173,NaN,0,0
NaN,NaN,NaN,NaN,NaN,NaN,NaN,NaN,NaN,NaN,NaN,NaN,-73.8198871254158,4.06375634276491,NaN,0,0
NaN,NaN,NaN,NaN,NaN,NaN,NaN,NaN,NaN,NaN,NaN,NaN,-73.8198461004133,4.24462070565552,NaN,0,0
NaN,NaN,NaN,NaN,NaN,NaN,NaN,NaN,NaN,NaN,NaN,NaN,-73.819803272684,4.42548422218928,NaN,0,0
NaN,NaN,NaN,NaN,NaN,NaN,NaN,NaN,NaN,NaN,NaN,NaN,-73.8197586401053,4.60634685658988,NaN,0,0
NaN,NaN,NaN,NaN,NaN,NaN,NaN,NaN,NaN,NaN,NaN,NaN,-73.8197122004637,4.78720857311705,NaN,0,0
NaN,NaN,NaN,NaN,NaN,NaN,NaN,NaN,NaN,NaN,NaN,NaN,-73.8196639514546,4.96806933606801,NaN,0,0
NaN,NaN,NaN,NaN,NaN,NaN,NaN,NaN,NaN,NaN,NaN,NaN,-73.8196138906821,5.14892910977894,NaN,0,0
NaN,NaN,NaN,NaN,NaN,NaN,NaN,NaN,NaN,NaN,NaN,NaN,-73.819562015659,5.3297878586264,NaN,0,0
NaN,NaN,NaN,NaN,NaN,NaN,NaN,NaN,NaN,NaN,NaN,NaN,-73.8195083238059,5.51064554702881,NaN,0,0
NaN,NaN,NaN,NaN,NaN,NaN,NaN,NaN,NaN,1,0,12.2628770937074,-73.8194528124512,5.69150213944793,1.4,1,1
1.6,NaN,2.89529654602168,1.36332356856193,5.23453446496266,NaN,NaN,NaN,NaN,NaN,4,14.8753017084249,-73.819395478831,5.87235760039023,1.9,17,1
1.4,NaN,0.965098848673893,0.185399611023096,2.94220299516995,NaN,NaN,NaN,NaN,NaN,39,14.8914010045854,-73.8193363200884,6.05321189440842,4.1,73,1
1.3,NaN,0.84266093503616,0.136774251800505,2.51043256351783,NaN,NaN,NaN,NaN,NaN,26,14.3591122139839,-73.8192753332731,6.23406498610285,2.7,53,1
1.3,NaN,0.960249105715732,0.127420181317447,2.89177651391664,NaN,NaN,NaN,NaN,NaN,44,14.9669570769755,-73.8192125153416,6.41491684012294,3.4,83,1
1.5,NaN,1.46391398394354,0.336256480498682,3.371962234971,NaN,NaN,NaN,NaN,NaN,15,14.9106468997101,-73.8191478631562,6.59576742116867,2.3,48,1
1.1,NaN,0.969322476020387,0.116335100498103,2.77382489972036,NaN,NaN,NaN,NaN,NaN,51,14.9340884410576,-73.8190813734848,6.77661669399199,2.8,95,1
1.3,NaN,1.16925437435491,0.34284337960308,2.66615872233962,NaN,NaN,NaN,NaN,NaN,14,14.9751138028878,-73.8190130430008,6.95746462339826,2.8,46,1
1.2,NaN,1.02296344773785,0.116046399770436,2.96791882677967,NaN,NaN,NaN,NaN,NaN,55,14.9824068429184,-73.8189428682822,7.13831117424768,2.5,130,1
1.2,NaN,1.02073647631363,0.148743903474413,2.94915964117714,NaN,NaN,NaN,NaN,NaN,53,14.9662543180526,-73.8188708458115,7.31915631145671,3.4,159,1
0.9,NaN,0.965098848673893,0.113752577081974,2.624463819479,NaN,NaN,NaN,NaN,NaN,57,14.8404411625428,-73.8187969719754,7.49999999999954,2.6,83,1
1.1,NaN,0.87181791906229,0.112510224341275,2.69139347079149,NaN,NaN,NaN,NaN,NaN,54,14.9740149517072,-73.8187212430638,7.68084220490948,3.1,116,1
1,NaN,1.01523385379981,0.13657722945898,2.5715363545671,NaN,NaN,NaN,NaN,NaN,36,14.9386066706321,-73.8186436552699,7.86168289128039,2.2,65,1
1.1,NaN,1.02186936918412,0.249394161052838,2.42508630176652,NaN,NaN,NaN,NaN,NaN,20,14.9766897918472,-73.8185642046896,8.04252202426811,3.1,52,1
0.7,NaN,0.769635790714624,0.1769560927789,1.38384309351449,NaN,NaN,NaN,NaN,NaN,7,14.4168962078801,-73.8184828873207,8.22335956909188,1.6,11,1
1.4,NaN,0.74450482611986,0.202020683225246,1.82045800695145,NaN,NaN,NaN,NaN,NaN,6,14.5754357080654,-73.8183996990627,8.40419549103574,2.5,24,1
1.5,NaN,1.19218093071481,0.366724035137969,2.75258752915795,NaN,NaN,NaN,NaN,NaN,7,14.9692943327055,-73.8183146357163,8.58502975544995,2.5,33,1
1.8,NaN,8.68588963806507,0,22.5833130589692,NaN,NaN,NaN,NaN,NaN,1,14.4469585144424,-73.8182276929828,8.76586232775241,2.6,11,1
1.1,NaN,0.813614978755458,0.111395228936024,2.463178200698,NaN,NaN,NaN,NaN,NaN,37,14.9533843252382,-73.8181388664635,8.94669317343007,3,68,1
1.5,NaN,0.802897361501811,0.204329101133173,2.24573872741094,NaN,NaN,NaN,NaN,NaN,11,14.8068695064055,-73.8180481516591,9.1275222580403,2.9,38,1
1.8,NaN,4.34294481903251,2.16903451563355,8.11833066992251,NaN,NaN,NaN,NaN,NaN,2,14.4124255754046,-73.8179555439694,9.30834954721232,1.9,13,1
1.6,NaN,1.11357559462372,0.545641993895459,2.59204851519635,NaN,NaN,NaN,NaN,NaN,5,14.7737147280483,-73.8178610386926,9.48917500664859,2.6,39,1
1,NaN,0.921965939235953,0.111458884775139,2.20071954018878,NaN,NaN,NaN,NaN,NaN,19,14.8708248072326,-73.8177646310246,9.66999860212622,1.8,32,1
2,NaN,2.17147240951626,1.62677588672517,4.86112205564813,NaN,NaN,NaN,NaN,NaN,2,14.9519596934747,-73.8176663160583,9.8508202994983,2.4,23,1
1.4,NaN,0.984997794007374,0.225509426395222,2.72141959243253,NaN,NaN,NaN,NaN,NaN,22,14.8908037476141,-73.8175660887834,10.0316400646954,3.7,44,1
1.4,NaN,1.29789155511316,0.387057892938224,2.93099152946527,NaN,NaN,NaN,NaN,NaN,13,14.7039164117246,-73.8174639440854,10.2124578637268,2.8,19,1
NaN,NaN,NaN,NaN,NaN,NaN,NaN,NaN,NaN,NaN,NaN,NaN,-73.8173598767451,10.3932736626821,NaN,0,0
NaN,NaN,NaN,NaN,NaN,NaN,NaN,NaN,NaN,NaN,NaN,NaN,-73.8172538814379,10.5740874277322,NaN,0,0
NaN,NaN,NaN,NaN,NaN,NaN,NaN,NaN,NaN,NaN,NaN,NaN,-73.817145952733,10.7548991251312,NaN,0,0
NaN,NaN,NaN,NaN,NaN,NaN,NaN,NaN,NaN,NaN,NaN,NaN,-73.817036085093,10.9357087212173,NaN,0,0
NaN,NaN,NaN,NaN,NaN,NaN,NaN,NaN,NaN,NaN,NaN,NaN,-73.6397742508317,4.06375634276491,NaN,0,0
NaN,NaN,NaN,NaN,NaN,NaN,NaN,NaN,NaN,NaN,NaN,NaN,-73.6396922008265,4.24462070565552,NaN,0,0
NaN,NaN,NaN,NaN,NaN,NaN,NaN,NaN,NaN,NaN,NaN,NaN,-73.639606545368,4.42548422218928,NaN,0,0
NaN,NaN,NaN,NaN,NaN,NaN,NaN,NaN,NaN,NaN,NaN,NaN,-73.6395172802106,4.60634685658988,NaN,0,0
NaN,NaN,NaN,NaN,NaN,NaN,NaN,NaN,NaN,NaN,NaN,NaN,-73.6394244009274,4.78720857311705,NaN,0,0
NaN,NaN,NaN,NaN,NaN,NaN,NaN,NaN,NaN,NaN,NaN,NaN,-73.6393279029091,4.96806933606801,NaN,0,0
NaN,NaN,NaN,NaN,NaN,NaN,NaN,NaN,NaN,NaN,NaN,NaN,-73.6392277813643,5.14892910977894,NaN,0,0
NaN,NaN,NaN,NaN,NaN,NaN,NaN,NaN,NaN,NaN,NaN,NaN,-73.639124031318,5.3297878586264,NaN,0,0
NaN,NaN,NaN,NaN,NaN,NaN,NaN,NaN,NaN,NaN,NaN,NaN,-73.6390166476117,5.51064554702881,NaN,0,0
NaN,NaN,NaN,NaN,NaN,NaN,NaN,NaN,NaN,NaN,NaN,NaN,-73.6389056249024,5.69150213944793,NaN,0,0
NaN,NaN,NaN,NaN,NaN,NaN,NaN,NaN,NaN,1,0,14.8905052372573,-73.638790957662,5.87235760039023,1.8,2,1
1.4,NaN,1.73717792761301,0.633615537183888,3.03410908998617,NaN,NaN,NaN,NaN,NaN,4,13.8230268124009,-73.6386726401767,6.05321189440842,1.8,12,1
1.3,NaN,0.95499310156736,0.211986498342064,2.56371032677149,NaN,NaN,NaN,NaN,NaN,21,14.6039942349043,-73.6385506665463,6.23406498610285,3,43,1
1.2,NaN,0.867067792241168,0.101795430737391,2.79635620636189,NaN,NaN,NaN,NaN,NaN,57,14.9754376962771,-73.6384250306833,6.41491684012294,3.4,86,1
1.4,NaN,0.908565861722284,0.14102797723462,2.66993221508323,NaN,NaN,NaN,NaN,NaN,25,14.8121115967544,-73.6382957263124,6.59576742116867,2.7,91,1
1.1,NaN,0.881177209658771,0.135157187615306,2.59254422102255,NaN,NaN,NaN,NaN,NaN,42,14.9750441228372,-73.6381627469697,6.77661669399199,3,73,1
1.3,NaN,0.620420688433217,0.122684098114992,2.01471699948474,NaN,NaN,NaN,NaN,NaN,14,14.5923846334321,-73.6380260860016,6.95746462339826,3,47,1
1.3,NaN,1.31604388455531,0.393006177775618,2.7108570499219,NaN,NaN,NaN,NaN,NaN,10,14.9468768094639,-73.6378857365644,7.13831117424768,2.1,40,1
1.1,NaN,1.04994270350237,0.302378408718024,2.49735965467481,NaN,NaN,NaN,NaN,NaN,22,14.9406747185097,-73.637741691623,7.31915631145671,3,54,1
1.1,NaN,0.75529475113609,0.247649927824893,1.73391421324164,NaN,NaN,NaN,NaN,NaN,8,14.5244253885755,-73.6375939439507,7.49999999999954,2.7,16,1
1.1,NaN,0.763594693456267,0.126516571056625,2.3451041411218,NaN,NaN,NaN,NaN,NaN,32,14.9838437702506,-73.6374424861276,7.68084220490948,3.1,76,1
1,NaN,0.965098848673893,0.164639509200065,2.24385244962672,NaN,NaN,NaN,NaN,NaN,19,14.9243131815375,-73.6372873105399,7.86168289128039,2,44,1
1,NaN,1.0982159312496,0.249135455796617,2.13960861640783,NaN,NaN,NaN,NaN,NaN,11,14.756125796132,-73.6371284093792,8.04252202426811,1.8,28,1
1.2,NaN,4.34294481903251,2.16903451563356,6.3811527423095,NaN,NaN,NaN,NaN,NaN,2,14.0552692581652,-73.6369657746413,8.22335956909188,1.5,11,1
1.1,NaN,1.20266164219362,0.361221782924203,2.27717031585231,NaN,NaN,NaN,NaN,NaN,9,13.9235479831874,-73.6367993981254,8.40419549103574,2.2,27,1
1.3,NaN,1.05529500275556,0.170541913392284,2.78685685155305,NaN,NaN,NaN,NaN,NaN,26,14.9410282849793,-73.6366292714327,8.58502975544995,2.7,56,1
1,NaN,0.778937649437305,0.0879108242914672,2.50321351903809,NaN,NaN,NaN,NaN,NaN,53,14.9632533722866,-73.6364553859656,8.76586232775241,3,81,1
1,NaN,0.823864870819177,0.0829713204459537,2.66896291083343,NaN,NaN,NaN,NaN,NaN,70,14.9810393126849,-73.6362777329269,8.94669317343007,3.1,105,1
1.2,NaN,0.853741289211521,0.115767668672736,2.6872473787354,NaN,NaN,NaN,NaN,NaN,46,14.986117954899,-73.6360963033182,9.1275222580403,3,90,1
1.4,NaN,1.00998716721686,0.352880109531396,2.41398203410361,NaN,NaN,NaN,NaN,NaN,10,14.9805502697619,-73.6359110879389,9.30834954721232,3,24,1
1.6,NaN,1.27245516990762,0.167057926270313,3.39765610786978,NaN,NaN,NaN,NaN,NaN,23,14.7424982436468,-73.6357220773853,9.48917500664859,2.4,67,1
2.2,NaN,8.68588963806507,0,19.9775461675497,NaN,NaN,NaN,NaN,NaN,1,14.920475720545,-73.6355292620492,9.66999860212622,2.3,40,1
2.1,NaN,2.89529654602169,0.704017263537659,6.85827399702919,NaN,NaN,NaN,NaN,NaN,6,14.9841169237893,-73.6353326321166,9.8508202994983,2.3,27,1
1.7,NaN,1.73717792761301,1.38818209000548,3.25423247260609,NaN,NaN,NaN,NaN,NaN,2,14.2585022975754,-73.6351321775668,10.0316400646954,2.1,9,1
1.7,NaN,3.7225241305993,2.12476850511042,6.80541227673847,NaN,NaN,NaN,NaN,NaN,3,13.5521402443114,-73.6349278881709,10.2124578637268,1.9,12,1
NaN,NaN,NaN,NaN,NaN,NaN,NaN,NaN,NaN,NaN,NaN,NaN,-73.6347197534903,10.3932736626821,NaN,0,0
NaN,NaN,NaN,NaN,NaN,NaN,NaN,NaN,NaN,NaN,NaN,NaN,-73.6345077628758,10.5740874277322,NaN,0,0
NaN,NaN,NaN,NaN,NaN,NaN,NaN,NaN,NaN,NaN,NaN,NaN,-73.634291905466,10.7548991251312,NaN,0,0
NaN,NaN,NaN,NaN,NaN,NaN,NaN,NaN,NaN,NaN,NaN,NaN,-73.6340721701859,10.9357087212173,NaN,0,0
NaN,NaN,NaN,NaN,NaN,NaN,NaN,NaN,NaN,NaN,NaN,NaN,-73.4596613762475,4.06375634276491,NaN,0,0
NaN,NaN,NaN,NaN,NaN,NaN,NaN,NaN,NaN,NaN,NaN,NaN,-73.4595383012398,4.24462070565552,NaN,0,0
NaN,NaN,NaN,NaN,NaN,NaN,NaN,NaN,NaN,NaN,NaN,NaN,-73.459409818052,4.42548422218928,NaN,0,0
NaN,NaN,NaN,NaN,NaN,NaN,NaN,NaN,NaN,NaN,NaN,NaN,-73.459275920316,4.60634685658988,NaN,0,0
NaN,NaN,NaN,NaN,NaN,NaN,NaN,NaN,NaN,NaN,NaN,NaN,-73.4591366013911,4.78720857311705,NaN,0,0
NaN,NaN,NaN,NaN,NaN,NaN,NaN,NaN,NaN,NaN,NaN,NaN,-73.4589918543637,4.96806933606801,NaN,0,0
NaN,NaN,NaN,NaN,NaN,NaN,NaN,NaN,NaN,NaN,NaN,NaN,-73.4588416720464,5.14892910977894,NaN,0,0
NaN,NaN,NaN,NaN,NaN,NaN,NaN,NaN,NaN,NaN,NaN,NaN,-73.458686046977,5.3297878586264,NaN,0,0
NaN,NaN,NaN,NaN,NaN,NaN,NaN,NaN,NaN,NaN,NaN,NaN,-73.4585249714176,5.51064554702881,NaN,0,0
NaN,NaN,NaN,NaN,NaN,NaN,NaN,NaN,NaN,NaN,NaN,NaN,-73.4583584373536,5.69150213944793,NaN,0,0
NaN,NaN,NaN,NaN,NaN,NaN,NaN,NaN,NaN,NaN,NaN,NaN,-73.458186436493,5.87235760039023,NaN,0,0
NaN,NaN,NaN,NaN,NaN,NaN,NaN,NaN,NaN,1,0,13.1636219517135,-73.4580089602651,6.05321189440842,1.2,2,1
NaN,NaN,NaN,NaN,NaN,NaN,NaN,NaN,NaN,1,0,13.8997250591107,-73.4578259998194,6.23406498610285,1.8,10,1
1.4,NaN,0.813285546635302,0.1512855513558,2.53653977396146,NaN,NaN,NaN,NaN,NaN,25,14.7849660807024,-73.4576375460249,6.41491684012294,3.5,62,1
1.4,NaN,0.859989073075746,0.108261884091148,2.80604469363401,NaN,NaN,NaN,NaN,NaN,40,14.94895985957,-73.4574435894686,6.59576742116867,2.9,103,1
1.3,NaN,0.891513599214887,0.151761852103768,2.70303572332963,NaN,NaN,NaN,NaN,NaN,35,14.9309374813609,-73.4572441204545,6.77661669399199,3.6,86,1
1.4,NaN,1.27931707847469,0.226471228766118,3.0697975108174,NaN,NaN,NaN,NaN,NaN,19,14.899454585664,-73.4570391290024,6.95746462339826,2.1,76,1
1.4,NaN,1.10413851331335,0.249597635633772,3.02291517335836,NaN,NaN,NaN,NaN,NaN,30,14.9824113624538,-73.4568286048465,7.13831117424768,3.3,95,1
1.3,NaN,1.24084137686643,0.321110846223882,2.61309378992636,NaN,NaN,NaN,NaN,NaN,10,14.9808900618466,-73.4566125374346,7.31915631145671,2.1,35,1
1.2,NaN,1.73717792761301,0.490796484682294,2.78358351747163,NaN,NaN,NaN,NaN,NaN,5,14.4440004790793,-73.4563909159261,7.49999999999954,1.6,14,1
1.2,NaN,0.766402026888092,0.34604280327467,1.92775429071578,NaN,NaN,NaN,NaN,NaN,6,14.404953427653,-73.4561637291913,7.68084220490948,3.2,21,1
1.6,NaN,2.17147240951626,1.62677588672517,3.77538585089,NaN,NaN,NaN,NaN,NaN,2,14.8890214158717,-73.4559309658098,7.86168289128039,1.9,23,1
1.6,NaN,1.73717792761301,1.38818209000548,3.08051467984479,NaN,NaN,NaN,NaN,NaN,2,14.8683442069126,-73.4556926140688,8.04252202426811,2,18,1
1.6,NaN,0.965098848673893,0.360595469993727,2.24272803407358,NaN,NaN,NaN,NaN,NaN,4,14.2177314681863,-73.455448661962,8.22335956909188,2.5,15,1
1.1,NaN,0.609536114951932,0.184083540647243,1.57357971343907,NaN,NaN,NaN,NaN,NaN,8,14.4001940426933,-73.4551990971881,8.40419549103574,3.1,18,1
1.1,NaN,0.814302153568597,0.150190203933421,2.27594361063706,NaN,NaN,NaN,NaN,NaN,24,14.8749521446725,-73.454943907149,8.58502975544995,3.1,56,1
1.5,NaN,0.931530193067844,0.135176066816502,2.96549701366876,NaN,NaN,NaN,NaN,NaN,37,14.9694409285584,-73.4546830789485,8.76586232775241,3,152,1
1.5,NaN,0.992673101493147,0.129646183044325,2.86922089395133,NaN,NaN,NaN,NaN,NaN,24,14.944322144418,-73.4544165993904,8.94669317343007,2.4,81,1
1.8,NaN,8.68588963806507,0,16.9803115670433,NaN,NaN,NaN,NaN,NaN,3,14.9812290040661,-73.4541444549773,9.1275222580403,1.9,39,1
1.5,NaN,0.840569964974037,0.13590071609688,2.51612745256436,NaN,NaN,NaN,NaN,NaN,18,14.9365719766069,-73.4538666319083,9.30834954721232,2.6,69,1
1.6,NaN,0.921230719188717,0.0666996057812797,3.09721844109985,NaN,NaN,NaN,NaN,NaN,42,14.9567059759053,-73.4535831160779,9.48917500664859,2.6,89,1
2.2,NaN,3.77647375568046,0.546556683541771,9.60927225816099,NaN,NaN,NaN,NaN,NaN,20,14.9872220447152,-73.4532938930737,9.66999860212622,2.4,99,1
2.1,NaN,2.36887899219956,0.485355560617323,6.0538271296667,NaN,NaN,NaN,NaN,NaN,12,14.9931099439121,-73.4529989481749,9.8508202994983,2.5,55,1
1.3,NaN,1.05925483391037,0.500406183532544,2.0760012884195,NaN,NaN,NaN,NaN,NaN,5,14.7359482832112,-73.4526982663503,10.0316400646954,2.3,18,1
1.2,NaN,1.51058950227218,0.408193795314643,2.86685633994578,NaN,NaN,NaN,NaN,NaN,8,14.9155040824971,-73.4523918322563,10.2124578637268,1.9,18,1
NaN,NaN,NaN,NaN,NaN,NaN,NaN,NaN,NaN,NaN,NaN,NaN,-73.4520796302354,10.3932736626821,NaN,0,0
NaN,NaN,NaN,NaN,NaN,NaN,NaN,NaN,NaN,NaN,NaN,NaN,-73.4517616443136,10.5740874277322,NaN,0,0
NaN,NaN,NaN,NaN,NaN,NaN,NaN,NaN,NaN,NaN,NaN,NaN,-73.451437858199,10.7548991251312,NaN,0,0
NaN,NaN,NaN,NaN,NaN,NaN,NaN,NaN,NaN,NaN,NaN,NaN,-73.4511082552789,10.9357087212173,NaN,0,0
NaN,NaN,NaN,NaN,NaN,NaN,NaN,NaN,NaN,NaN,NaN,NaN,-73.2795485016633,4.06375634276491,NaN,0,0
NaN,NaN,NaN,NaN,NaN,NaN,NaN,NaN,NaN,NaN,NaN,NaN,-73.279384401653,4.24462070565552,NaN,0,0
NaN,NaN,NaN,NaN,NaN,NaN,NaN,NaN,NaN,NaN,NaN,NaN,-73.279213090736,4.42548422218928,NaN,0,0
NaN,NaN,NaN,NaN,NaN,NaN,NaN,NaN,NaN,NaN,NaN,NaN,-73.2790345604213,4.60634685658988,NaN,0,0
NaN,NaN,NaN,NaN,NaN,NaN,NaN,NaN,NaN,NaN,NaN,NaN,-73.2788488018547,4.78720857311705,NaN,0,0
NaN,NaN,NaN,NaN,NaN,NaN,NaN,NaN,NaN,NaN,NaN,NaN,-73.2786558058182,4.96806933606801,NaN,0,0
NaN,NaN,NaN,NaN,NaN,NaN,NaN,NaN,NaN,NaN,NaN,NaN,-73.2784555627286,5.14892910977894,NaN,0,0
NaN,NaN,NaN,NaN,NaN,NaN,NaN,NaN,NaN,NaN,NaN,NaN,-73.278248062636,5.3297878586264,NaN,0,0
NaN,NaN,NaN,NaN,NaN,NaN,NaN,NaN,NaN,NaN,NaN,NaN,-73.2780332952234,5.51064554702881,NaN,0,0
NaN,NaN,NaN,NaN,NaN,NaN,NaN,NaN,NaN,NaN,NaN,NaN,-73.2778112498048,5.69150213944793,NaN,0,0
NaN,NaN,NaN,NaN,NaN,NaN,NaN,NaN,NaN,NaN,NaN,NaN,-73.277581915324,5.87235760039023,NaN,0,0
NaN,NaN,NaN,NaN,NaN,NaN,NaN,NaN,NaN,NaN,NaN,NaN,-73.2773452803534,6.05321189440842,NaN,0,0
NaN,NaN,NaN,NaN,NaN,NaN,NaN,NaN,NaN,NaN,NaN,NaN,-73.2771013330925,6.23406498610285,NaN,0,0
NaN,NaN,NaN,NaN,NaN,NaN,NaN,NaN,NaN,1,0,14.9742526723166,-73.2768500613666,6.41491684012294,3.5,5,1
1.6,NaN,0.909950343035385,0.222523334121119,2.49731323401484,NaN,NaN,NaN,NaN,NaN,11,14.7455491545627,-73.2765914526248,6.59576742116867,2.9,30,1
2,NaN,1.13294212670414,0.709616498846247,2.85629972079835,NaN,NaN,NaN,NaN,NaN,3,14.915870638988,-73.2763254939394,6.77661669399199,2.9,29,1
1.2,NaN,0.97451444719754,0.136964567780484,2.53114517265464,NaN,NaN,NaN,NaN,NaN,23,14.9323024860184,-73.2760521720032,6.95746462339826,2.3,49,1
1.3,NaN,1.06357832302837,0.267572634847024,2.86922089395132,NaN,NaN,NaN,NaN,NaN,24,14.9645795792495,-73.2757714731287,7.13831117424768,3.3,65,1
1.3,NaN,1.38974234209041,0.481795473954027,2.98770350012755,NaN,NaN,NaN,NaN,NaN,8,14.9587103440248,-73.2754833832461,7.31915631145671,2.4,42,1
1.3,NaN,0.955447860187154,0.208355436480146,2.58450489906551,NaN,NaN,NaN,NaN,NaN,22,14.102953384929,-73.2751878879015,7.49999999999954,3.2,51,1
1.2,NaN,0.739807634787874,0.154853038496458,2.39311368938322,NaN,NaN,NaN,NaN,NaN,27,14.9776287922999,-73.2748849722551,7.68084220490948,4.1,61,1
1.2,NaN,0.769635790714624,0.181882253188179,2.24578224359147,NaN,NaN,NaN,NaN,NaN,21,14.7854287915287,-73.2745746210797,7.86168289128039,4.1,45,1
1.7,NaN,0.74450482611986,0.260576675189186,2.11825993739939,NaN,NaN,NaN,NaN,NaN,6,14.1870669517378,-73.2742568187584,8.04252202426811,2.9,40,1
0.9,NaN,0.556239237905643,0.0991390261042696,1.61455866642192,NaN,NaN,NaN,NaN,NaN,13,14.6837697137413,-73.2739315492827,8.22335956909188,2.5,20,1
1,NaN,1.08573620475813,0.948952600589682,1.49533982089792,NaN,NaN,NaN,NaN,NaN,2,14.8191156310478,-73.2735987962508,8.40419549103574,1.8,5,1
2,NaN,8.68588963806507,0,22.5833130589692,NaN,NaN,NaN,NaN,NaN,1,14.6866952326805,-73.2732585428653,8.58502975544995,2.6,12,1
1.5,NaN,3.72252413059931,1.06238425255522,8.66667434203815,NaN,NaN,NaN,NaN,NaN,3,14.522549896788,-73.2729107719313,8.76586232775241,2.3,22,1
1,NaN,0.711958167054511,0.262247916807074,1.41092817139053,NaN,NaN,NaN,NaN,NaN,5,14.1411080424532,-73.2725554658539,8.94669317343007,2.3,8,1
NaN,NaN,NaN,NaN,NaN,NaN,NaN,NaN,NaN,1,0,14.8456308102184,-73.2721926066364,9.1275222580403,1.7,4,1
1.5,NaN,0.892941925408555,0.188766790724436,2.47009976581191,NaN,NaN,NaN,NaN,NaN,11,14.8303632616915,-73.2718221758778,9.30834954721232,2.6,38,1
2.3,NaN,8.68588963806507,0,26.0576689141952,NaN,NaN,NaN,NaN,NaN,1,14.6755598325422,-73.2714441547706,9.48917500664859,3,39,1
2,NaN,1.83504710663346,0.500604718023136,4.8461854723226,NaN,NaN,NaN,NaN,NaN,15,14.9773195361843,-73.2710585240983,9.66999860212622,3,46,1
1.4,NaN,0.892941925408556,0.136803319983113,2.59254137639418,NaN,NaN,NaN,NaN,NaN,22,14.8982784301869,-73.2706652642332,9.8508202994983,2.8,57,1
1.5,NaN,0.731443337942319,0.0946307251936904,2.3012849895694,NaN,NaN,NaN,NaN,NaN,16,14.974159683046,-73.2702643551337,10.0316400646954,2.5,52,1
1.7,NaN,1.37145625864185,0.76304388877321,3.35717939786755,NaN,NaN,NaN,NaN,NaN,3,14.6092393446556,-73.2698557763417,10.2124578637268,2.7,23,1
NaN,NaN,NaN,NaN,NaN,NaN,NaN,NaN,NaN,NaN,NaN,NaN,-73.2694395069805,10.3932736626821,NaN,0,0
NaN,NaN,NaN,NaN,NaN,NaN,NaN,NaN,NaN,NaN,NaN,NaN,-73.2690155257515,10.5740874277322,NaN,0,0
NaN,NaN,NaN,NaN,NaN,NaN,NaN,NaN,NaN,NaN,NaN,NaN,-73.2685838109319,10.7548991251312,NaN,0,0
NaN,NaN,NaN,NaN,NaN,NaN,NaN,NaN,NaN,NaN,NaN,NaN,-73.2681443403719,10.9357087212173,NaN,0,0
NaN,NaN,NaN,NaN,NaN,NaN,NaN,NaN,NaN,NaN,NaN,NaN,-73.0994356270791,4.06375634276491,NaN,0,0
NaN,NaN,NaN,NaN,NaN,NaN,NaN,NaN,NaN,NaN,NaN,NaN,-73.0992305020662,4.24462070565552,NaN,0,0
NaN,NaN,NaN,NaN,NaN,NaN,NaN,NaN,NaN,NaN,NaN,NaN,-73.09901636342,4.42548422218928,NaN,0,0
NaN,NaN,NaN,NaN,NaN,NaN,NaN,NaN,NaN,NaN,NaN,NaN,-73.0987932005266,4.60634685658988,NaN,0,0
NaN,NaN,NaN,NaN,NaN,NaN,NaN,NaN,NaN,NaN,NaN,NaN,-73.0985610023184,4.78720857311705,NaN,0,0
NaN,NaN,NaN,NaN,NaN,NaN,NaN,NaN,NaN,NaN,NaN,NaN,-73.0983197572728,4.96806933606801,NaN,0,0
NaN,NaN,NaN,NaN,NaN,NaN,NaN,NaN,NaN,NaN,NaN,NaN,-73.0980694534107,5.14892910977894,NaN,0,0
NaN,NaN,NaN,NaN,NaN,NaN,NaN,NaN,NaN,NaN,NaN,NaN,-73.097810078295,5.3297878586264,NaN,0,0
NaN,NaN,NaN,NaN,NaN,NaN,NaN,NaN,NaN,NaN,NaN,NaN,-73.0975416190293,5.51064554702881,NaN,0,0
NaN,NaN,NaN,NaN,NaN,NaN,NaN,NaN,NaN,NaN,NaN,NaN,-73.097264062256,5.69150213944793,NaN,0,0
NaN,NaN,NaN,NaN,NaN,NaN,NaN,NaN,NaN,NaN,NaN,NaN,-73.096977394155,5.87235760039023,NaN,0,0
NaN,NaN,NaN,NaN,NaN,NaN,NaN,NaN,NaN,NaN,NaN,NaN,-73.0966816004418,6.05321189440842,NaN,0,0
NaN,NaN,NaN,NaN,NaN,NaN,NaN,NaN,NaN,NaN,NaN,NaN,-73.0963766663657,6.23406498610285,NaN,0,0
NaN,NaN,NaN,NaN,NaN,NaN,NaN,NaN,NaN,NaN,NaN,NaN,-73.0960625767082,6.41491684012294,NaN,0,0
NaN,NaN,NaN,NaN,NaN,NaN,NaN,NaN,NaN,NaN,NaN,NaN,-73.0957393157811,6.59576742116867,NaN,0,0
NaN,NaN,NaN,NaN,NaN,NaN,NaN,NaN,NaN,1,0,12.167595470271,-73.0954068674242,6.77661669399199,1.5,2,1
1.2,NaN,2.0044360703227,1.54014285133744,3.08288814613917,NaN,NaN,NaN,NaN,NaN,3,14.452527950059,-73.095065215004,6.95746462339826,1.8,8,1
1.4,NaN,1.16925437435491,0.30243073305223,2.78308415977511,NaN,NaN,NaN,NaN,NaN,14,14.9914091187537,-73.0947143414109,7.13831117424768,2.5,39,1
1.2,NaN,0.814302153568597,0.141952348678799,2.60041187468022,NaN,NaN,NaN,NaN,NaN,42,14.8972915390989,-73.0943542290576,7.31915631145671,4.3,100,1
1.6,NaN,0.772079078939115,0.298179564705469,2.13841651329453,NaN,NaN,NaN,NaN,NaN,8,14.996991086025,-73.0939848598768,7.49999999999954,3.2,41,1
NaN,NaN,NaN,NaN,NaN,NaN,NaN,NaN,NaN,1,0,14.2653393825838,-73.0936062153189,7.68084220490948,2.4,8,1
1.8,NaN,8.68588963806507,0,17.3717792761301,NaN,NaN,NaN,NaN,NaN,1,14.66252105056,-73.0932182763496,7.86168289128039,2,12,1
NaN,NaN,NaN,NaN,NaN,NaN,NaN,NaN,NaN,1,0,14.597272036412,-73.092821023448,8.04252202426811,2,2,1
NaN,NaN,NaN,NaN,NaN,NaN,NaN,NaN,NaN,NaN,NaN,NaN,-73.0924144366033,8.22335956909188,NaN,0,0
NaN,NaN,NaN,NaN,NaN,NaN,NaN,NaN,NaN,NaN,NaN,NaN,-73.0919984953135,8.40419549103574,NaN,0,0
NaN,NaN,NaN,NaN,NaN,NaN,NaN,NaN,NaN,NaN,NaN,NaN,-73.0915731785817,8.58502975544995,NaN,0,0
NaN,NaN,NaN,NaN,NaN,NaN,NaN,NaN,NaN,NaN,NaN,NaN,-73.0911384649141,8.76586232775241,NaN,0,0
NaN,NaN,NaN,NaN,NaN,NaN,NaN,NaN,NaN,NaN,NaN,NaN,-73.0906943323174,8.94669317343007,NaN,0,0
NaN,NaN,NaN,NaN,NaN,NaN,NaN,NaN,NaN,NaN,NaN,NaN,-73.0902407582955,9.1275222580403,NaN,0,0
1.9,NaN,8.68588963806503,0,16.8042203079875,NaN,NaN,NaN,NaN,NaN,2,14.960948171614,-73.0897777198472,9.30834954721232,1.9,17,1
1.6,NaN,1.58421886480432,0.19567938721342,3.99714818158586,NaN,NaN,NaN,NaN,NaN,29,14.8634024867559,-73.0893051934632,9.48917500664859,2.3,70,1
1.4,NaN,0.825518436675602,0.10057966492771,2.81848364302742,NaN,NaN,NaN,NaN,NaN,46,14.8943364270238,-73.0888231551229,9.66999860212622,3.2,82,1
1.6,NaN,0.886889865799186,0.0997334813871776,3.21836433473228,NaN,NaN,NaN,NaN,NaN,63,14.9403544044121,-73.0883315802915,9.8508202994983,3.4,141,1
1.5,NaN,0.74111686331613,0.0997497089122727,2.81064529931021,NaN,NaN,NaN,NaN,NaN,50,14.8255877208098,-73.0878304439171,10.0316400646954,3.8,104,1
1.8,NaN,1.73717792761301,0.414798737235041,4.03001025669536,NaN,NaN,NaN,NaN,NaN,8,14.7631382083025,-73.0873197204272,10.2124578637268,2.3,35,1
NaN,NaN,NaN,NaN,NaN,NaN,NaN,NaN,NaN,NaN,NaN,NaN,-73.0867993837257,10.3932736626821,NaN,0,0
NaN,NaN,NaN,NaN,NaN,NaN,NaN,NaN,NaN,NaN,NaN,NaN,-73.0862694071894,10.5740874277322,NaN,0,0
NaN,NaN,NaN,NaN,NaN,NaN,NaN,NaN,NaN,NaN,NaN,NaN,-73.0857297636649,10.7548991251312,NaN,0,0
NaN,NaN,NaN,NaN,NaN,NaN,NaN,NaN,NaN,NaN,NaN,NaN,-73.0851804254648,10.9357087212173,NaN,0,0
NaN,NaN,NaN,NaN,NaN,NaN,NaN,NaN,NaN,NaN,NaN,NaN,-72.919322752495,4.06375634276491,NaN,0,0
NaN,NaN,NaN,NaN,NaN,NaN,NaN,NaN,NaN,NaN,NaN,NaN,-72.9190766024795,4.24462070565552,NaN,0,0
NaN,NaN,NaN,NaN,NaN,NaN,NaN,NaN,NaN,NaN,NaN,NaN,-72.918819636104,4.42548422218928,NaN,0,0
NaN,NaN,NaN,NaN,NaN,NaN,NaN,NaN,NaN,NaN,NaN,NaN,-72.9185518406319,4.60634685658988,NaN,0,0
NaN,NaN,NaN,NaN,NaN,NaN,NaN,NaN,NaN,NaN,NaN,NaN,-72.9182732027821,4.78720857311705,NaN,0,0
NaN,NaN,NaN,NaN,NaN,NaN,NaN,NaN,NaN,NaN,NaN,NaN,-72.9179837087274,4.96806933606801,NaN,0,0
NaN,NaN,NaN,NaN,NaN,NaN,NaN,NaN,NaN,NaN,NaN,NaN,-72.9176833440928,5.14892910977894,NaN,0,0
NaN,NaN,NaN,NaN,NaN,NaN,NaN,NaN,NaN,NaN,NaN,NaN,-72.917372093954,5.3297878586264,NaN,0,0
NaN,NaN,NaN,NaN,NaN,NaN,NaN,NaN,NaN,NaN,NaN,NaN,-72.9170499428351,5.51064554702881,NaN,0,0
NaN,NaN,NaN,NaN,NaN,NaN,NaN,NaN,NaN,NaN,NaN,NaN,-72.9167168747072,5.69150213944793,NaN,0,0
NaN,NaN,NaN,NaN,NaN,NaN,NaN,NaN,NaN,NaN,NaN,NaN,-72.916372872986,5.87235760039023,NaN,0,0
NaN,NaN,NaN,NaN,NaN,NaN,NaN,NaN,NaN,NaN,NaN,NaN,-72.9160179205301,6.05321189440842,NaN,0,0
NaN,NaN,NaN,NaN,NaN,NaN,NaN,NaN,NaN,NaN,NaN,NaN,-72.9156519996388,6.23406498610285,NaN,0,0
NaN,NaN,NaN,NaN,NaN,NaN,NaN,NaN,NaN,NaN,NaN,NaN,-72.9152750920499,6.41491684012294,NaN,0,0
NaN,NaN,NaN,NaN,NaN,NaN,NaN,NaN,NaN,NaN,NaN,NaN,-72.9148871789373,6.59576742116867,NaN,0,0
NaN,NaN,NaN,NaN,NaN,NaN,NaN,NaN,NaN,NaN,NaN,NaN,-72.9144882409091,6.77661669399199,NaN,0,0
NaN,NaN,NaN,NaN,NaN,NaN,NaN,NaN,NaN,NaN,NaN,NaN,-72.9140782580048,6.95746462339826,NaN,0,0
NaN,NaN,NaN,NaN,NaN,NaN,NaN,NaN,NaN,1,0,14.1166180091492,-72.913657209693,7.13831117424768,1.4,1,1
NaN,NaN,NaN,NaN,NaN,NaN,NaN,NaN,NaN,NaN,NaN,NaN,-72.9132250748691,7.31915631145671,NaN,0,0
NaN,NaN,NaN,NaN,NaN,NaN,NaN,NaN,NaN,NaN,NaN,NaN,-72.9127818318522,7.49999999999954,NaN,0,0
NaN,NaN,NaN,NaN,NaN,NaN,NaN,NaN,NaN,NaN,NaN,NaN,-72.9123274583827,7.68084220490948,NaN,0,0
NaN,NaN,NaN,NaN,NaN,NaN,NaN,NaN,NaN,NaN,NaN,NaN,-72.9118619316196,7.86168289128039,NaN,0,0
NaN,NaN,NaN,NaN,NaN,NaN,NaN,NaN,NaN,NaN,NaN,NaN,-72.9113852281375,8.04252202426811,NaN,0,0
NaN,NaN,NaN,NaN,NaN,NaN,NaN,NaN,NaN,NaN,NaN,NaN,-72.910897323924,8.22335956909188,NaN,0,0
NaN,NaN,NaN,NaN,NaN,NaN,NaN,NaN,NaN,NaN,NaN,NaN,-72.9103981943762,8.40419549103574,NaN,0,0
NaN,NaN,NaN,NaN,NaN,NaN,NaN,NaN,NaN,NaN,NaN,NaN,-72.909887814298,8.58502975544995,NaN,0,0
NaN,NaN,NaN,NaN,NaN,NaN,NaN,NaN,NaN,NaN,NaN,NaN,-72.9093661578969,8.76586232775241,NaN,0,0
NaN,NaN,NaN,NaN,NaN,NaN,NaN,NaN,NaN,NaN,NaN,NaN,-72.9088331987808,8.94669317343007,NaN,0,0
NaN,NaN,NaN,NaN,NaN,NaN,NaN,NaN,NaN,NaN,NaN,NaN,-72.9082889099546,9.1275222580403,NaN,0,0
NaN,NaN,NaN,NaN,NaN,NaN,NaN,NaN,NaN,NaN,NaN,NaN,-72.9077332638167,9.30834954721232,NaN,0,0
1.6,NaN,1.24084137686643,0.170415819632264,3.28637619865027,NaN,NaN,NaN,NaN,NaN,20,14.8414128290961,-72.9071662321559,9.48917500664859,2.3,63,1
1.7,NaN,0.832893526937743,0.0958151697163227,2.95998704014444,NaN,NaN,NaN,NaN,NaN,35,14.7154686243271,-72.9065877861475,9.66999860212622,3.2,95,1
1.8,NaN,1.01589352491989,0.161369712095662,3.43066833618376,NaN,NaN,NaN,NaN,NaN,40,14.9863953211174,-72.9059978963498,9.8508202994983,3.8,127,1
2,NaN,0.911107304692137,0.239677630569608,2.99830586843995,NaN,NaN,NaN,NaN,NaN,15,14.9712195893934,-72.9053965327005,10.0316400646954,3.8,97,1
1.9,NaN,1.49756717897673,0.74034487270646,3.54434764439181,NaN,NaN,NaN,NaN,NaN,5,14.9671739048151,-72.9047836645126,10.2124578637268,2.7,22,1
NaN,NaN,NaN,NaN,NaN,NaN,NaN,NaN,NaN,NaN,NaN,NaN,-72.9041592604708,10.3932736626821,NaN,0,0
NaN,NaN,NaN,NaN,NaN,NaN,NaN,NaN,NaN,NaN,NaN,NaN,-72.9035232886273,10.5740874277322,NaN,0,0
NaN,NaN,NaN,NaN,NaN,NaN,NaN,NaN,NaN,NaN,NaN,NaN,-72.9028757163979,10.7548991251312,NaN,0,0
NaN,NaN,NaN,NaN,NaN,NaN,NaN,NaN,NaN,NaN,NaN,NaN,-72.9022165105578,10.9357087212173,NaN,0,0
NaN,NaN,NaN,NaN,NaN,NaN,NaN,NaN,NaN,NaN,NaN,NaN,-72.7392098779108,4.06375634276491,NaN,0,0
NaN,NaN,NaN,NaN,NaN,NaN,NaN,NaN,NaN,NaN,NaN,NaN,-72.7389227028928,4.24462070565552,NaN,0,0
NaN,NaN,NaN,NaN,NaN,NaN,NaN,NaN,NaN,NaN,NaN,NaN,-72.738622908788,4.42548422218928,NaN,0,0
NaN,NaN,NaN,NaN,NaN,NaN,NaN,NaN,NaN,NaN,NaN,NaN,-72.7383104807372,4.60634685658988,NaN,0,0
NaN,NaN,NaN,NaN,NaN,NaN,NaN,NaN,NaN,NaN,NaN,NaN,-72.7379854032458,4.78720857311705,NaN,0,0
NaN,NaN,NaN,NaN,NaN,NaN,NaN,NaN,NaN,NaN,NaN,NaN,-72.7376476601819,4.96806933606801,NaN,0,0
NaN,NaN,NaN,NaN,NaN,NaN,NaN,NaN,NaN,NaN,NaN,NaN,-72.737297234775,5.14892910977894,NaN,0,0
NaN,NaN,NaN,NaN,NaN,NaN,NaN,NaN,NaN,NaN,NaN,NaN,-72.736934109613,5.3297878586264,NaN,0,0
NaN,NaN,NaN,NaN,NaN,NaN,NaN,NaN,NaN,NaN,NaN,NaN,-72.736558266641,5.51064554702881,NaN,0,0
NaN,NaN,NaN,NaN,NaN,NaN,NaN,NaN,NaN,NaN,NaN,NaN,-72.7361696871584,5.69150213944793,NaN,0,0
NaN,NaN,NaN,NaN,NaN,NaN,NaN,NaN,NaN,NaN,NaN,NaN,-72.735768351817,5.87235760039023,NaN,0,0
NaN,NaN,NaN,NaN,NaN,NaN,NaN,NaN,NaN,NaN,NaN,NaN,-72.7353542406185,6.05321189440842,NaN,0,0
NaN,NaN,NaN,NaN,NaN,NaN,NaN,NaN,NaN,NaN,NaN,NaN,-72.734927332912,6.23406498610285,NaN,0,0
NaN,NaN,NaN,NaN,NaN,NaN,NaN,NaN,NaN,NaN,NaN,NaN,-72.7344876073915,6.41491684012294,NaN,0,0
NaN,NaN,NaN,NaN,NaN,NaN,NaN,NaN,NaN,NaN,NaN,NaN,-72.7340350420935,6.59576742116867,NaN,0,0
NaN,NaN,NaN,NaN,NaN,NaN,NaN,NaN,NaN,NaN,NaN,NaN,-72.7335696143939,6.77661669399199,NaN,0,0
NaN,NaN,NaN,NaN,NaN,NaN,NaN,NaN,NaN,NaN,NaN,NaN,-72.7330913010056,6.95746462339826,NaN,0,0
NaN,NaN,NaN,NaN,NaN,NaN,NaN,NaN,NaN,NaN,NaN,NaN,-72.7326000779752,7.13831117424768,NaN,0,0
NaN,NaN,NaN,NaN,NaN,NaN,NaN,NaN,NaN,NaN,NaN,NaN,-72.7320959206806,7.31915631145671,NaN,0,0
NaN,NaN,NaN,NaN,NaN,NaN,NaN,NaN,NaN,NaN,NaN,NaN,-72.7315788038276,7.49999999999954,NaN,0,0
NaN,NaN,NaN,NaN,NaN,NaN,NaN,NaN,NaN,NaN,NaN,NaN,-72.7310487014465,7.68084220490948,NaN,0,0
NaN,NaN,NaN,NaN,NaN,NaN,NaN,NaN,NaN,NaN,NaN,NaN,-72.7305055868895,7.86168289128039,NaN,0,0
NaN,NaN,NaN,NaN,NaN,NaN,NaN,NaN,NaN,NaN,NaN,NaN,-72.7299494328271,8.04252202426811,NaN,0,0
NaN,NaN,NaN,NaN,NaN,NaN,NaN,NaN,NaN,NaN,NaN,NaN,-72.7293802112447,8.22335956909188,NaN,0,0
NaN,NaN,NaN,NaN,NaN,NaN,NaN,NaN,NaN,NaN,NaN,NaN,-72.7287978934389,8.40419549103574,NaN,0,0
NaN,NaN,NaN,NaN,NaN,NaN,NaN,NaN,NaN,NaN,NaN,NaN,-72.7282024500143,8.58502975544995,NaN,0,0
NaN,NaN,NaN,NaN,NaN,NaN,NaN,NaN,NaN,NaN,NaN,NaN,-72.7275938508797,8.76586232775241,NaN,0,0
NaN,NaN,NaN,NaN,NaN,NaN,NaN,NaN,NaN,NaN,NaN,NaN,-72.7269720652443,8.94669317343007,NaN,0,0
NaN,NaN,NaN,NaN,NaN,NaN,NaN,NaN,NaN,NaN,NaN,NaN,-72.7263370616137,9.1275222580403,NaN,0,0
NaN,NaN,NaN,NaN,NaN,NaN,NaN,NaN,NaN,NaN,NaN,NaN,-72.7256888077861,9.30834954721232,NaN,0,0
NaN,NaN,NaN,NaN,NaN,NaN,NaN,NaN,NaN,NaN,NaN,NaN,-72.7250272708485,9.48917500664859,NaN,0,0
NaN,NaN,NaN,NaN,NaN,NaN,NaN,NaN,NaN,NaN,NaN,NaN,-72.7243524171721,9.66999860212622,NaN,0,0
NaN,NaN,NaN,NaN,NaN,NaN,NaN,NaN,NaN,NaN,NaN,NaN,-72.7236642124081,9.8508202994983,NaN,0,0
NaN,NaN,NaN,NaN,NaN,NaN,NaN,NaN,NaN,NaN,NaN,NaN,-72.7229626214839,10.0316400646954,NaN,0,0
NaN,NaN,NaN,NaN,NaN,NaN,NaN,NaN,NaN,NaN,NaN,NaN,-72.7222476085981,10.2124578637268,NaN,0,0
NaN,NaN,NaN,NaN,NaN,NaN,NaN,NaN,NaN,NaN,NaN,NaN,-72.7215191372159,10.3932736626821,NaN,0,0
NaN,NaN,NaN,NaN,NaN,NaN,NaN,NaN,NaN,NaN,NaN,NaN,-72.7207771700652,10.5740874277322,NaN,0,0
NaN,NaN,NaN,NaN,NaN,NaN,NaN,NaN,NaN,NaN,NaN,NaN,-72.7200216691309,10.7548991251312,NaN,0,0
NaN,NaN,NaN,NaN,NaN,NaN,NaN,NaN,NaN,NaN,NaN,NaN,-72.7192525956508,10.9357087212173,NaN,0,0
NaN,NaN,NaN,NaN,NaN,NaN,NaN,NaN,NaN,NaN,NaN,NaN,-72.5590970033266,4.06375634276491,NaN,0,0
NaN,NaN,NaN,NaN,NaN,NaN,NaN,NaN,NaN,NaN,NaN,NaN,-72.558768803306,4.24462070565552,NaN,0,0
NaN,NaN,NaN,NaN,NaN,NaN,NaN,NaN,NaN,NaN,NaN,NaN,-72.558426181472,4.42548422218928,NaN,0,0
NaN,NaN,NaN,NaN,NaN,NaN,NaN,NaN,NaN,NaN,NaN,NaN,-72.5580691208426,4.60634685658988,NaN,0,0
NaN,NaN,NaN,NaN,NaN,NaN,NaN,NaN,NaN,NaN,NaN,NaN,-72.5576976037095,4.78720857311705,NaN,0,0
NaN,NaN,NaN,NaN,NaN,NaN,NaN,NaN,NaN,NaN,NaN,NaN,-72.5573116116365,4.96806933606801,NaN,0,0
NaN,NaN,NaN,NaN,NaN,NaN,NaN,NaN,NaN,NaN,NaN,NaN,-72.5569111254571,5.14892910977894,NaN,0,0
NaN,NaN,NaN,NaN,NaN,NaN,NaN,NaN,NaN,NaN,NaN,NaN,-72.556496125272,5.3297878586264,NaN,0,0
NaN,NaN,NaN,NaN,NaN,NaN,NaN,NaN,NaN,NaN,NaN,NaN,-72.5560665904469,5.51064554702881,NaN,0,0
NaN,NaN,NaN,NaN,NaN,NaN,NaN,NaN,NaN,NaN,NaN,NaN,-72.5556224996096,5.69150213944793,NaN,0,0
NaN,NaN,NaN,NaN,NaN,NaN,NaN,NaN,NaN,NaN,NaN,NaN,-72.555163830648,5.87235760039023,NaN,0,0
NaN,NaN,NaN,NaN,NaN,NaN,NaN,NaN,NaN,NaN,NaN,NaN,-72.5546905607068,6.05321189440842,NaN,0,0
NaN,NaN,NaN,NaN,NaN,NaN,NaN,NaN,NaN,NaN,NaN,NaN,-72.5542026661851,6.23406498610285,NaN,0,0
NaN,NaN,NaN,NaN,NaN,NaN,NaN,NaN,NaN,NaN,NaN,NaN,-72.5537001227331,6.41491684012294,NaN,0,0
NaN,NaN,NaN,NaN,NaN,NaN,NaN,NaN,NaN,NaN,NaN,NaN,-72.5531829052497,6.59576742116867,NaN,0,0
NaN,NaN,NaN,NaN,NaN,NaN,NaN,NaN,NaN,NaN,NaN,NaN,-72.5526509878787,6.77661669399199,NaN,0,0
NaN,NaN,NaN,NaN,NaN,NaN,NaN,NaN,NaN,NaN,NaN,NaN,-72.5521043440064,6.95746462339826,NaN,0,0
NaN,NaN,NaN,NaN,NaN,NaN,NaN,NaN,NaN,NaN,NaN,NaN,-72.5515429462574,7.13831117424768,NaN,0,0
NaN,NaN,NaN,NaN,NaN,NaN,NaN,NaN,NaN,NaN,NaN,NaN,-72.5509667664922,7.31915631145671,NaN,0,0
NaN,NaN,NaN,NaN,NaN,NaN,NaN,NaN,NaN,NaN,NaN,NaN,-72.5503757758029,7.49999999999954,NaN,0,0
NaN,NaN,NaN,NaN,NaN,NaN,NaN,NaN,NaN,NaN,NaN,NaN,-72.5497699445102,7.68084220490948,NaN,0,0
NaN,NaN,NaN,NaN,NaN,NaN,NaN,NaN,NaN,NaN,NaN,NaN,-72.5491492421594,7.86168289128039,NaN,0,0
NaN,NaN,NaN,NaN,NaN,NaN,NaN,NaN,NaN,NaN,NaN,NaN,-72.5485136375167,8.04252202426811,NaN,0,0
NaN,NaN,NaN,NaN,NaN,NaN,NaN,NaN,NaN,NaN,NaN,NaN,-72.5478630985653,8.22335956909188,NaN,0,0
NaN,NaN,NaN,NaN,NaN,NaN,NaN,NaN,NaN,NaN,NaN,NaN,-72.5471975925016,8.40419549103574,NaN,0,0
NaN,NaN,NaN,NaN,NaN,NaN,NaN,NaN,NaN,NaN,NaN,NaN,-72.5465170857307,8.58502975544995,NaN,0,0
NaN,NaN,NaN,NaN,NaN,NaN,NaN,NaN,NaN,NaN,NaN,NaN,-72.5458215438626,8.76586232775241,NaN,0,0
NaN,NaN,NaN,NaN,NaN,NaN,NaN,NaN,NaN,NaN,NaN,NaN,-72.5451109317078,8.94669317343007,NaN,0,0
NaN,NaN,NaN,NaN,NaN,NaN,NaN,NaN,NaN,NaN,NaN,NaN,-72.5443852132728,9.1275222580403,NaN,0,0
NaN,NaN,NaN,NaN,NaN,NaN,NaN,NaN,NaN,NaN,NaN,NaN,-72.5436443517556,9.30834954721232,NaN,0,0
NaN,NaN,NaN,NaN,NaN,NaN,NaN,NaN,NaN,NaN,NaN,NaN,-72.5428883095412,9.48917500664859,NaN,0,0
NaN,NaN,NaN,NaN,NaN,NaN,NaN,NaN,NaN,NaN,NaN,NaN,-72.5421170481966,9.66999860212622,NaN,0,0
NaN,NaN,NaN,NaN,NaN,NaN,NaN,NaN,NaN,NaN,NaN,NaN,-72.5413305284664,9.8508202994983,NaN,0,0
NaN,NaN,NaN,NaN,NaN,NaN,NaN,NaN,NaN,NaN,NaN,NaN,-72.5405287102673,10.0316400646954,NaN,0,0
NaN,NaN,NaN,NaN,NaN,NaN,NaN,NaN,NaN,NaN,NaN,NaN,-72.5397115526835,10.2124578637268,NaN,0,0
NaN,NaN,NaN,NaN,NaN,NaN,NaN,NaN,NaN,NaN,NaN,NaN,-72.5388790139611,10.3932736626821,NaN,0,0
NaN,NaN,NaN,NaN,NaN,NaN,NaN,NaN,NaN,NaN,NaN,NaN,-72.5380310515031,10.5740874277322,NaN,0,0
NaN,NaN,NaN,NaN,NaN,NaN,NaN,NaN,NaN,NaN,NaN,NaN,-72.5371676218639,10.7548991251312,NaN,0,0
NaN,NaN,NaN,NaN,NaN,NaN,NaN,NaN,NaN,NaN,NaN,NaN,-72.5362886807438,10.9357087212173,NaN,0,0
