Mc_value,Mc_std,b_value,b_value_std,a_value,a_value_std,power_fit,Additional_Runs_b_std,Additional_Runs_Mc_std,failreason,nEvents_gt_local_Mc,RadiusKm,x,y,max_mag,Number_of_Events,was_evaluated
NaN,NaN,NaN,NaN,NaN,NaN,NaN,NaN,NaN,NaN,NaN,NaN,-75.4409029966734,4.06375634276491,NaN,0,0
NaN,NaN,NaN,NaN,NaN,NaN,NaN,NaN,NaN,NaN,NaN,NaN,-75.441231196694,4.24462070565552,NaN,0,0
3.1,NaN,8.68588963806507,0,26.9262578780017,NaN,NaN,NaN,NaN,NaN,1,14.8791411857401,-75.441573818528,4.42548422218928,3.1,11,1
2.3,NaN,8.68588963806507,0,23.4519020227757,NaN,NaN,NaN,NaN,NaN,1,13.5833663430008,-75.4419308791574,4.60634685658988,2.7,7,1
NaN,NaN,NaN,NaN,NaN,NaN,NaN,NaN,NaN,NaN,NaN,NaN,-75.4423023962905,4.78720857311705,NaN,0,0
NaN,NaN,NaN,NaN,NaN,NaN,NaN,NaN,NaN,NaN,NaN,NaN,-75.4426883883635,4.96806933606801,NaN,0,0
NaN,NaN,NaN,NaN,NaN,NaN,NaN,NaN,NaN,NaN,NaN,NaN,-75.4430888745429,5.14892910977894,NaN,0,0
NaN,NaN,NaN,NaN,NaN,NaN,NaN,NaN,NaN,NaN,NaN,NaN,-75.443503874728,5.3297878586264,NaN,0,0
NaN,NaN,NaN,NaN,NaN,NaN,NaN,NaN,NaN,NaN,NaN,NaN,-75.4439334095531,5.51064554702881,NaN,0,0
NaN,NaN,NaN,NaN,NaN,NaN,NaN,NaN,NaN,NaN,NaN,NaN,-75.4443775003904,5.69150213944793,NaN,0,0
NaN,NaN,NaN,NaN,NaN,NaN,NaN,NaN,NaN,NaN,NaN,NaN,-75.444836169352,5.87235760039023,NaN,0,0
NaN,NaN,NaN,NaN,NaN,NaN,NaN,NaN,NaN,NaN,NaN,NaN,-75.4453094392932,6.05321189440842,NaN,0,0
NaN,NaN,NaN,NaN,NaN,NaN,NaN,NaN,NaN,NaN,NaN,NaN,-75.4457973338149,6.23406498610285,NaN,0,0
NaN,NaN,NaN,NaN,NaN,NaN,NaN,NaN,NaN,NaN,NaN,NaN,-75.4462998772669,6.41491684012294,NaN,0,0
NaN,NaN,NaN,NaN,NaN,NaN,NaN,NaN,NaN,NaN,NaN,NaN,-75.4468170947503,6.59576742116867,NaN,0,0
NaN,NaN,NaN,NaN,NaN,NaN,NaN,NaN,NaN,NaN,NaN,NaN,-75.4473490121213,6.77661669399199,NaN,0,0
NaN,NaN,NaN,NaN,NaN,NaN,NaN,NaN,NaN,NaN,NaN,NaN,-75.4478956559936,6.95746462339826,NaN,0,0
NaN,NaN,NaN,NaN,NaN,NaN,NaN,NaN,NaN,NaN,NaN,NaN,-75.4484570537426,7.13831117424768,NaN,0,0
NaN,NaN,NaN,NaN,NaN,NaN,NaN,NaN,NaN,NaN,NaN,NaN,-75.4490332335078,7.31915631145671,NaN,0,0
NaN,NaN,NaN,NaN,NaN,NaN,NaN,NaN,NaN,NaN,NaN,NaN,-75.4496242241971,7.49999999999954,NaN,0,0
NaN,NaN,NaN,NaN,NaN,NaN,NaN,NaN,NaN,NaN,NaN,NaN,-75.4502300554898,7.68084220490948,NaN,0,0
NaN,NaN,NaN,NaN,NaN,NaN,NaN,NaN,NaN,NaN,NaN,NaN,-75.4508507578406,7.86168289128039,NaN,0,0
NaN,NaN,NaN,NaN,NaN,NaN,NaN,NaN,NaN,NaN,NaN,NaN,-75.4514863624833,8.04252202426811,NaN,0,0
NaN,NaN,NaN,NaN,NaN,NaN,NaN,NaN,NaN,NaN,NaN,NaN,-75.4521369014347,8.22335956909188,NaN,0,0
NaN,NaN,NaN,NaN,NaN,NaN,NaN,NaN,NaN,NaN,NaN,NaN,-75.4528024074984,8.40419549103574,NaN,0,0
NaN,NaN,NaN,NaN,NaN,NaN,NaN,NaN,NaN,NaN,NaN,NaN,-75.4534829142693,8.58502975544995,NaN,0,0
NaN,NaN,NaN,NaN,NaN,NaN,NaN,NaN,NaN,NaN,NaN,NaN,-75.4541784561374,8.76586232775241,NaN,0,0
NaN,NaN,NaN,NaN,NaN,NaN,NaN,NaN,NaN,NaN,NaN,NaN,-75.4548890682922,8.94669317343007,NaN,0,0
NaN,NaN,NaN,NaN,NaN,NaN,NaN,NaN,NaN,NaN,NaN,NaN,-75.4556147867272,9.1275222580403,NaN,0,0
NaN,NaN,NaN,NaN,NaN,NaN,NaN,NaN,NaN,NaN,NaN,NaN,-75.4563556482444,9.30834954721232,NaN,0,0
NaN,NaN,NaN,NaN,NaN,NaN,NaN,NaN,NaN,NaN,NaN,NaN,-75.4571116904588,9.48917500664859,NaN,0,0
NaN,NaN,NaN,NaN,NaN,NaN,NaN,NaN,NaN,NaN,NaN,NaN,-75.4578829518034,9.66999860212622,NaN,0,0
NaN,NaN,NaN,NaN,NaN,NaN,NaN,NaN,NaN,NaN,NaN,NaN,-75.4586694715336,9.8508202994983,NaN,0,0
NaN,NaN,NaN,NaN,NaN,NaN,NaN,NaN,NaN,NaN,NaN,NaN,-75.4594712897327,10.0316400646954,NaN,0,0
NaN,NaN,NaN,NaN,NaN,NaN,NaN,NaN,NaN,NaN,NaN,NaN,-75.4602884473165,10.2124578637268,NaN,0,0
NaN,NaN,NaN,NaN,NaN,NaN,NaN,NaN,NaN,NaN,NaN,NaN,-75.4611209860389,10.3932736626821,NaN,0,0
NaN,NaN,NaN,NaN,NaN,NaN,NaN,NaN,NaN,NaN,NaN,NaN,-75.4619689484969,10.5740874277322,NaN,0,0
NaN,NaN,NaN,NaN,NaN,NaN,NaN,NaN,NaN,NaN,NaN,NaN,-75.4628323781361,10.7548991251312,NaN,0,0
NaN,NaN,NaN,NaN,NaN,NaN,NaN,NaN,NaN,NaN,NaN,NaN,-75.4637113192562,10.9357087212173,NaN,0,0
NaN,NaN,NaN,NaN,NaN,NaN,NaN,NaN,NaN,NaN,NaN,NaN,-75.2607901220892,4.06375634276491,NaN,0,0
1,NaN,0.668145356774233,0.109000538865497,2.22444785754152,NaN,NaN,NaN,NaN,NaN,36,14.8116732376179,-75.2610772971072,4.24462070565552,3.4,54,1
1.2,NaN,0.647671035320477,0.064373839021893,2.64052810250503,NaN,NaN,NaN,NaN,NaN,73,14.7395678379091,-75.261377091212,4.42548422218928,3.2,143,1
2.4,NaN,1.05925483391037,0.332493216431852,3.24118160572091,NaN,NaN,NaN,NaN,NaN,5,14.9806294301803,-75.2616895192628,4.60634685658988,3.1,60,1
2.5,NaN,8.68588963806507,0,21.7147240951627,NaN,NaN,NaN,NaN,NaN,1,14.7007429439946,-75.2620145967542,4.78720857311705,2.5,20,1
NaN,NaN,NaN,NaN,NaN,NaN,NaN,NaN,NaN,1,0,13.2435769728547,-75.2623523398181,4.96806933606801,2.3,4,1
NaN,NaN,NaN,NaN,NaN,NaN,NaN,NaN,NaN,1,0,14.7714346973554,-75.262702765225,5.14892910977894,2.4,5,1
NaN,NaN,NaN,NaN,NaN,NaN,NaN,NaN,NaN,NaN,NaN,NaN,-75.263065890387,5.3297878586264,NaN,0,0
NaN,NaN,NaN,NaN,NaN,NaN,NaN,NaN,NaN,NaN,NaN,NaN,-75.263441733359,5.51064554702881,NaN,0,0
NaN,NaN,NaN,NaN,NaN,NaN,NaN,NaN,NaN,NaN,NaN,NaN,-75.2638303128416,5.69150213944793,NaN,0,0
NaN,NaN,NaN,NaN,NaN,NaN,NaN,NaN,NaN,NaN,NaN,NaN,-75.264231648183,5.87235760039023,NaN,0,0
NaN,NaN,NaN,NaN,NaN,NaN,NaN,NaN,NaN,NaN,NaN,NaN,-75.2646457593815,6.05321189440842,NaN,0,0
NaN,NaN,NaN,NaN,NaN,NaN,NaN,NaN,NaN,NaN,NaN,NaN,-75.265072667088,6.23406498610285,NaN,0,0
NaN,NaN,NaN,NaN,NaN,NaN,NaN,NaN,NaN,NaN,NaN,NaN,-75.2655123926085,6.41491684012294,NaN,0,0
NaN,NaN,NaN,NaN,NaN,NaN,NaN,NaN,NaN,NaN,NaN,NaN,-75.2659649579065,6.59576742116867,NaN,0,0
NaN,NaN,NaN,NaN,NaN,NaN,NaN,NaN,NaN,NaN,NaN,NaN,-75.2664303856061,6.77661669399199,NaN,0,0
NaN,NaN,NaN,NaN,NaN,NaN,NaN,NaN,NaN,NaN,NaN,NaN,-75.2669086989944,6.95746462339826,NaN,0,0
NaN,NaN,NaN,NaN,NaN,NaN,NaN,NaN,NaN,NaN,NaN,NaN,-75.2673999220248,7.13831117424768,NaN,0,0
NaN,NaN,NaN,NaN,NaN,NaN,NaN,NaN,NaN,NaN,NaN,NaN,-75.2679040793194,7.31915631145671,NaN,0,0
NaN,NaN,NaN,NaN,NaN,NaN,NaN,NaN,NaN,NaN,NaN,NaN,-75.2684211961724,7.49999999999954,NaN,0,0
NaN,NaN,NaN,NaN,NaN,NaN,NaN,NaN,NaN,NaN,NaN,NaN,-75.2689512985535,7.68084220490948,NaN,0,0
NaN,NaN,NaN,NaN,NaN,NaN,NaN,NaN,NaN,NaN,NaN,NaN,-75.2694944131105,7.86168289128039,NaN,0,0
NaN,NaN,NaN,NaN,NaN,NaN,NaN,NaN,NaN,NaN,NaN,NaN,-75.2700505671729,8.04252202426811,NaN,0,0
NaN,NaN,NaN,NaN,NaN,NaN,NaN,NaN,NaN,NaN,NaN,NaN,-75.2706197887553,8.22335956909188,NaN,0,0
NaN,NaN,NaN,NaN,NaN,NaN,NaN,NaN,NaN,NaN,NaN,NaN,-75.2712021065611,8.40419549103574,NaN,0,0
NaN,NaN,NaN,NaN,NaN,NaN,NaN,NaN,NaN,NaN,NaN,NaN,-75.2717975499857,8.58502975544995,NaN,0,0
NaN,NaN,NaN,NaN,NaN,NaN,NaN,NaN,NaN,NaN,NaN,NaN,-75.2724061491203,8.76586232775241,NaN,0,0
NaN,NaN,NaN,NaN,NaN,NaN,NaN,NaN,NaN,NaN,NaN,NaN,-75.2730279347557,8.94669317343007,NaN,0,0
NaN,NaN,NaN,NaN,NaN,NaN,NaN,NaN,NaN,NaN,NaN,NaN,-75.2736629383863,9.1275222580403,NaN,0,0
NaN,NaN,NaN,NaN,NaN,NaN,NaN,NaN,NaN,NaN,NaN,NaN,-75.2743111922139,9.30834954721232,NaN,0,0
NaN,NaN,NaN,NaN,NaN,NaN,NaN,NaN,NaN,NaN,NaN,NaN,-75.2749727291515,9.48917500664859,NaN,0,0
NaN,NaN,NaN,NaN,NaN,NaN,NaN,NaN,NaN,NaN,NaN,NaN,-75.2756475828279,9.66999860212622,NaN,0,0
NaN,NaN,NaN,NaN,NaN,NaN,NaN,NaN,NaN,NaN,NaN,NaN,-75.2763357875919,9.8508202994983,NaN,0,0
NaN,NaN,NaN,NaN,NaN,NaN,NaN,NaN,NaN,NaN,NaN,NaN,-75.2770373785161,10.0316400646954,NaN,0,0
NaN,NaN,NaN,NaN,NaN,NaN,NaN,NaN,NaN,NaN,NaN,NaN,-75.2777523914019,10.2124578637268,NaN,0,0
NaN,NaN,NaN,NaN,NaN,NaN,NaN,NaN,NaN,NaN,NaN,NaN,-75.2784808627841,10.3932736626821,NaN,0,0
NaN,NaN,NaN,NaN,NaN,NaN,NaN,NaN,NaN,NaN,NaN,NaN,-75.2792228299348,10.5740874277322,NaN,0,0
NaN,NaN,NaN,NaN,NaN,NaN,NaN,NaN,NaN,NaN,NaN,NaN,-75.2799783308691,10.7548991251312,NaN,0,0
NaN,NaN,NaN,NaN,NaN,NaN,NaN,NaN,NaN,NaN,NaN,NaN,-75.2807474043492,10.9357087212173,NaN,0,0
NaN,NaN,NaN,NaN,NaN,NaN,NaN,NaN,NaN,NaN,NaN,NaN,-75.080677247505,4.06375634276491,NaN,0,0
1.3,NaN,0.725057227027575,0.0865907484541096,2.63277047516436,NaN,NaN,NaN,NaN,NaN,49,14.9289670104587,-75.0809233975205,4.24462070565552,3.4,112,1
1.1,NaN,0.716362032005363,0.0484088286929365,2.99211821786182,NaN,NaN,NaN,NaN,NaN,160,14.9733103248158,-75.081180363896,4.42548422218928,4.1,240,1
1.4,NaN,0.648599919085688,0.0496630680796248,2.89481162098621,NaN,NaN,NaN,NaN,NaN,97,14.9212483828613,-75.0814481593681,4.60634685658988,4.1,237,1
1.5,NaN,0.744504826119861,0.139469186869013,2.43897653391371,NaN,NaN,NaN,NaN,NaN,21,14.9560436751378,-75.0817267972179,4.78720857311705,3.5,69,1
1.5,NaN,0.730588848061544,0.133608449415414,2.35115577719562,NaN,NaN,NaN,NaN,NaN,18,14.8890547502221,-75.0820162912726,4.96806933606801,3.3,68,1
1.1,NaN,0.492444889009718,0.0502121340947878,2.21378723584641,NaN,NaN,NaN,NaN,NaN,47,14.9965519981103,-75.0823166559072,5.14892910977894,4.3,69,1
1.3,NaN,0.701345126054941,0.172521936924461,2.02569201617826,NaN,NaN,NaN,NaN,NaN,13,14.2609058239687,-75.082627906046,5.3297878586264,2.8,29,1
1.7,NaN,0.75529475113609,0.419643882685399,1.96159054337293,NaN,NaN,NaN,NaN,NaN,4,13.6411457413586,-75.0829500571649,5.51064554702881,3.1,15,1
1.7,NaN,1.73717792761301,1.38818209000548,3.4279502653674,NaN,NaN,NaN,NaN,NaN,2,14.7759360125382,-75.0832831252928,5.69150213944793,2.2,12,1
2.2,NaN,5.21153378283904,2.08227313500822,11.9424955769656,NaN,NaN,NaN,NaN,NaN,3,14.8793620714668,-75.083627127014,5.87235760039023,2.3,28,1
2.3,NaN,8.68588963806507,0,22.5833130589692,NaN,NaN,NaN,NaN,NaN,1,14.9917061053305,-75.0839820794699,6.05321189440842,2.6,8,1
NaN,NaN,NaN,NaN,NaN,NaN,NaN,NaN,NaN,NaN,NaN,NaN,-75.0843480003612,6.23406498610285,NaN,0,0
NaN,NaN,NaN,NaN,NaN,NaN,NaN,NaN,NaN,NaN,NaN,NaN,-75.0847249079501,6.41491684012294,NaN,0,0
NaN,NaN,NaN,NaN,NaN,NaN,NaN,NaN,NaN,NaN,NaN,NaN,-75.0851128210627,6.59576742116867,NaN,0,0
NaN,NaN,NaN,NaN,NaN,NaN,NaN,NaN,NaN,NaN,NaN,NaN,-75.0855117590909,6.77661669399199,NaN,0,0
NaN,NaN,NaN,NaN,NaN,NaN,NaN,NaN,NaN,NaN,NaN,NaN,-75.0859217419952,6.95746462339826,NaN,0,0
NaN,NaN,NaN,NaN,NaN,NaN,NaN,NaN,NaN,NaN,NaN,NaN,-75.086342790307,7.13831117424768,NaN,0,0
NaN,NaN,NaN,NaN,NaN,NaN,NaN,NaN,NaN,NaN,NaN,NaN,-75.0867749251309,7.31915631145671,NaN,0,0
NaN,NaN,NaN,NaN,NaN,NaN,NaN,NaN,NaN,NaN,NaN,NaN,-75.0872181681478,7.49999999999954,NaN,0,0
NaN,NaN,NaN,NaN,NaN,NaN,NaN,NaN,NaN,NaN,NaN,NaN,-75.0876725416173,7.68084220490948,NaN,0,0
NaN,NaN,NaN,NaN,NaN,NaN,NaN,NaN,NaN,NaN,NaN,NaN,-75.0881380683804,7.86168289128039,NaN,0,0
NaN,NaN,NaN,NaN,NaN,NaN,NaN,NaN,NaN,NaN,NaN,NaN,-75.0886147718625,8.04252202426811,NaN,0,0
NaN,NaN,NaN,NaN,NaN,NaN,NaN,NaN,NaN,NaN,NaN,NaN,-75.089102676076,8.22335956909188,NaN,0,0
NaN,NaN,NaN,NaN,NaN,NaN,NaN,NaN,NaN,NaN,NaN,NaN,-75.0896018056238,8.40419549103574,NaN,0,0
NaN,NaN,NaN,NaN,NaN,NaN,NaN,NaN,NaN,NaN,NaN,NaN,-75.090112185702,8.58502975544995,NaN,0,0
NaN,NaN,NaN,NaN,NaN,NaN,NaN,NaN,NaN,NaN,NaN,NaN,-75.0906338421031,8.76586232775241,NaN,0,0
NaN,NaN,NaN,NaN,NaN,NaN,NaN,NaN,NaN,NaN,NaN,NaN,-75.0911668012192,8.94669317343007,NaN,0,0
NaN,NaN,NaN,NaN,NaN,NaN,NaN,NaN,NaN,NaN,NaN,NaN,-75.0917110900454,9.1275222580403,NaN,0,0
NaN,NaN,NaN,NaN,NaN,NaN,NaN,NaN,NaN,NaN,NaN,NaN,-75.0922667361833,9.30834954721232,NaN,0,0
NaN,NaN,NaN,NaN,NaN,NaN,NaN,NaN,NaN,NaN,NaN,NaN,-75.0928337678441,9.48917500664859,NaN,0,0
NaN,NaN,NaN,NaN,NaN,NaN,NaN,NaN,NaN,NaN,NaN,NaN,-75.0934122138525,9.66999860212622,NaN,0,0
NaN,NaN,NaN,NaN,NaN,NaN,NaN,NaN,NaN,NaN,NaN,NaN,-75.0940021036502,9.8508202994983,NaN,0,0
NaN,NaN,NaN,NaN,NaN,NaN,NaN,NaN,NaN,NaN,NaN,NaN,-75.0946034672995,10.0316400646954,NaN,0,0
NaN,NaN,NaN,NaN,NaN,NaN,NaN,NaN,NaN,NaN,NaN,NaN,-75.0952163354874,10.2124578637268,NaN,0,0
NaN,NaN,NaN,NaN,NaN,NaN,NaN,NaN,NaN,NaN,NaN,NaN,-75.0958407395292,10.3932736626821,NaN,0,0
NaN,NaN,NaN,NaN,NaN,NaN,NaN,NaN,NaN,NaN,NaN,NaN,-75.0964767113727,10.5740874277322,NaN,0,0
NaN,NaN,NaN,NaN,NaN,NaN,NaN,NaN,NaN,NaN,NaN,NaN,-75.0971242836021,10.7548991251312,NaN,0,0
NaN,NaN,NaN,NaN,NaN,NaN,NaN,NaN,NaN,NaN,NaN,NaN,-75.0977834894422,10.9357087212173,NaN,0,0
NaN,NaN,NaN,NaN,NaN,NaN,NaN,NaN,NaN,NaN,NaN,NaN,-74.9005643729209,4.06375634276491,NaN,0,0
1.2,NaN,0.617030411447243,0.169606406112224,1.97778592833298,NaN,NaN,NaN,NaN,NaN,13,14.942279982677,-74.9007694979338,4.24462070565552,3.8,18,1
1.1,NaN,0.572448357049434,0.0360558136880353,2.73349691371033,NaN,NaN,NaN,NaN,NaN,127,14.9837718258435,-74.90098363658,4.42548422218928,3.8,174,1
1.3,NaN,0.632989063337021,0.0297171137483204,3.26536555140258,NaN,NaN,NaN,NaN,NaN,277,14.9664042585281,-74.9012067994734,4.60634685658988,4.5,455,1
1.3,NaN,0.681295540351845,0.0347347117313486,3.3186534933318,NaN,NaN,NaN,NaN,NaN,271,14.9907497801772,-74.9014389976816,4.78720857311705,4.5,418,1
1.3,NaN,0.757231404344131,0.0437007204338519,3.21484974702564,NaN,NaN,NaN,NaN,NaN,170,14.9951698931387,-74.9016802427272,4.96806933606801,3.8,271,1
1.6,NaN,0.798492310587031,0.0579730511438946,3.39485899259501,NaN,NaN,NaN,NaN,NaN,131,14.9945904209426,-74.9019305465893,5.14892910977894,4.3,298,1
1.7,NaN,1.10606834342401,0.133699564765236,3.71282509652706,NaN,NaN,NaN,NaN,NaN,68,14.9253597219052,-74.902189921705,5.3297878586264,4.1,214,1
1.3,NaN,0.869780443866594,0.0762839422538868,2.99403743714703,NaN,NaN,NaN,NaN,NaN,73,14.9979310471552,-74.9024583809707,5.51064554702881,3,145,1
1.2,NaN,0.871899976375016,0.0878549529115063,2.94390706294046,NaN,NaN,NaN,NaN,NaN,79,14.9778449856615,-74.902735937744,5.69150213944793,3,135,1
1.6,NaN,1.52862177804964,0.118074232129565,4.55638455517868,NaN,NaN,NaN,NaN,NaN,129,14.9863869891608,-74.903022605845,5.87235760039023,2.7,388,1
1.9,NaN,1.27110580069245,0.177426934483066,3.79531226302725,NaN,NaN,NaN,NaN,NaN,24,14.9438457565131,-74.9033183995582,6.05321189440842,2.9,100,1
1.6,NaN,1.2634021291731,0.251839883072273,3.22556338933288,NaN,NaN,NaN,NaN,NaN,16,14.9643710286378,-74.9036233336343,6.23406498610285,2.4,47,1
1.5,NaN,1.47496239136954,0.364570436283963,3.46167857476754,NaN,NaN,NaN,NaN,NaN,9,14.9232312289719,-74.9039374232918,6.41491684012294,2.3,23,1
NaN,NaN,NaN,NaN,NaN,NaN,NaN,NaN,NaN,NaN,NaN,NaN,-74.9042606842189,6.59576742116867,NaN,0,0
NaN,NaN,NaN,NaN,NaN,NaN,NaN,NaN,NaN,NaN,NaN,NaN,-74.9045931325758,6.77661669399199,NaN,0,0
NaN,NaN,NaN,NaN,NaN,NaN,NaN,NaN,NaN,NaN,NaN,NaN,-74.904934784996,6.95746462339826,NaN,0,0
NaN,NaN,NaN,NaN,NaN,NaN,NaN,NaN,NaN,NaN,NaN,NaN,-74.9052856585891,7.13831117424768,NaN,0,0
NaN,NaN,NaN,NaN,NaN,NaN,NaN,NaN,NaN,NaN,NaN,NaN,-74.9056457709424,7.31915631145671,NaN,0,0
NaN,NaN,NaN,NaN,NaN,NaN,NaN,NaN,NaN,NaN,NaN,NaN,-74.9060151401232,7.49999999999954,NaN,0,0
NaN,NaN,NaN,NaN,NaN,NaN,NaN,NaN,NaN,NaN,NaN,NaN,-74.9063937846811,7.68084220490948,NaN,0,0
NaN,NaN,NaN,NaN,NaN,NaN,NaN,NaN,NaN,NaN,NaN,NaN,-74.9067817236504,7.86168289128039,NaN,0,0
NaN,NaN,NaN,NaN,NaN,NaN,NaN,NaN,NaN,NaN,NaN,NaN,-74.907178976552,8.04252202426811,NaN,0,0
NaN,NaN,NaN,NaN,NaN,NaN,NaN,NaN,NaN,NaN,NaN,NaN,-74.9075855633967,8.22335956909188,NaN,0,0
NaN,NaN,NaN,NaN,NaN,NaN,NaN,NaN,NaN,NaN,NaN,NaN,-74.9080015046865,8.40419549103574,NaN,0,0
NaN,NaN,NaN,NaN,NaN,NaN,NaN,NaN,NaN,NaN,NaN,NaN,-74.9084268214183,8.58502975544995,NaN,0,0
NaN,NaN,NaN,NaN,NaN,NaN,NaN,NaN,NaN,NaN,NaN,NaN,-74.9088615350859,8.76586232775241,NaN,0,0
NaN,NaN,NaN,NaN,NaN,NaN,NaN,NaN,NaN,NaN,NaN,NaN,-74.9093056676826,8.94669317343007,NaN,0,0
NaN,NaN,NaN,NaN,NaN,NaN,NaN,NaN,NaN,NaN,NaN,NaN,-74.9097592417045,9.1275222580403,NaN,0,0
NaN,NaN,NaN,NaN,NaN,NaN,NaN,NaN,NaN,NaN,NaN,NaN,-74.9102222801528,9.30834954721232,NaN,0,0
NaN,NaN,NaN,NaN,NaN,NaN,NaN,NaN,NaN,NaN,NaN,NaN,-74.9106948065368,9.48917500664859,NaN,0,0
NaN,NaN,NaN,NaN,NaN,NaN,NaN,NaN,NaN,NaN,NaN,NaN,-74.9111768448771,9.66999860212622,NaN,0,0
NaN,NaN,NaN,NaN,NaN,NaN,NaN,NaN,NaN,NaN,NaN,NaN,-74.9116684197085,9.8508202994983,NaN,0,0
NaN,NaN,NaN,NaN,NaN,NaN,NaN,NaN,NaN,NaN,NaN,NaN,-74.9121695560829,10.0316400646954,NaN,0,0
NaN,NaN,NaN,NaN,NaN,NaN,NaN,NaN,NaN,NaN,NaN,NaN,-74.9126802795728,10.2124578637268,NaN,0,0
NaN,NaN,NaN,NaN,NaN,NaN,NaN,NaN,NaN,NaN,NaN,NaN,-74.9132006162743,10.3932736626821,NaN,0,0
NaN,NaN,NaN,NaN,NaN,NaN,NaN,NaN,NaN,NaN,NaN,NaN,-74.9137305928106,10.5740874277322,NaN,0,0
NaN,NaN,NaN,NaN,NaN,NaN,NaN,NaN,NaN,NaN,NaN,NaN,-74.9142702363351,10.7548991251312,NaN,0,0
NaN,NaN,NaN,NaN,NaN,NaN,NaN,NaN,NaN,NaN,NaN,NaN,-74.9148195745352,10.9357087212173,NaN,0,0
NaN,NaN,NaN,NaN,NaN,NaN,NaN,NaN,NaN,NaN,NaN,NaN,-74.7204514983367,4.06375634276491,NaN,0,0
2.2,NaN,1.73717792761301,1.38818209000548,4.2965392291739,NaN,NaN,NaN,NaN,NaN,2,14.0861896049521,-74.720615598347,4.24462070565552,2.7,5,1
1.8,NaN,0.769635790714624,0.10504316258237,2.83250245462854,NaN,NaN,NaN,NaN,NaN,28,14.9436802751566,-74.720786909264,4.42548422218928,3.3,64,1
1.8,NaN,0.713257360790012,0.0369311312456178,3.71522701358101,NaN,NaN,NaN,NaN,NaN,270,14.9941963396933,-74.7209654395787,4.60634685658988,4.8,558,1
1.6,NaN,0.692239083276092,0.0254772772801467,3.82856827739549,NaN,NaN,NaN,NaN,NaN,526,14.9970280933385,-74.7211511981453,4.78720857311705,4.8,1022,1
1.7,NaN,0.857640363422388,0.0482859165067203,3.90823772613742,NaN,NaN,NaN,NaN,NaN,282,14.9997291454513,-74.7213441941818,4.96806933606801,4.8,648,1
1.2,NaN,0.639713639464691,0.0237149804973119,3.42086888113297,NaN,NaN,NaN,NaN,NaN,450,14.9989553043687,-74.7215444372714,5.14892910977894,4.8,623,1
1.4,NaN,0.805741153809372,0.0454761336771841,3.4290676109971,NaN,NaN,NaN,NaN,NaN,200,14.9766517261899,-74.721751937364,5.3297878586264,3.9,346,1
1.3,NaN,0.714738477888197,0.0502859469781663,3.00104202856078,NaN,NaN,NaN,NaN,NaN,118,14.9774208326277,-74.7219667047766,5.51064554702881,3.4,212,1
1.4,NaN,0.770690447502173,0.0709394641001589,2.94819834623402,NaN,NaN,NaN,NaN,NaN,74,14.9117786715503,-74.7221887501952,5.69150213944793,3.2,159,1
1.5,NaN,1.16605093771284,0.179921088289948,3.43927248659777,NaN,NaN,NaN,NaN,NaN,49,14.9362793477618,-74.722418084676,5.87235760039023,3.2,166,1
1.5,NaN,0.914304172427898,0.305038578601242,2.45063750468947,NaN,NaN,NaN,NaN,NaN,12,14.8149252425761,-74.7226547196466,6.05321189440842,3.2,31,1
1.6,NaN,0.772599347860233,0.13673657835776,2.75467289645426,NaN,NaN,NaN,NaN,NaN,33,14.9779883123762,-74.7228986669075,6.23406498610285,3.8,107,1
1.6,NaN,0.745816151220909,0.0778963762153396,3.00621919859631,NaN,NaN,NaN,NaN,NaN,65,14.9373834422606,-74.7231499386334,6.41491684012294,3.8,159,1
1.7,NaN,0.729349511593247,0.0744679690133983,2.88334684619471,NaN,NaN,NaN,NaN,NaN,44,14.8841665330371,-74.7234085473752,6.59576742116867,3.8,100,1
2.8,NaN,1.73717792761301,1.38818209000548,5.1651281929804,NaN,NaN,NaN,NaN,NaN,2,14.6491621462111,-74.7236745060606,6.77661669399199,3.2,30,1
2.8,NaN,0.457152086213949,0.432605221954616,1.9010622974128,NaN,NaN,NaN,NaN,NaN,2,14.9447512516751,-74.7239478279968,6.95746462339826,5.3,13,1
NaN,NaN,NaN,NaN,NaN,NaN,NaN,NaN,NaN,NaN,NaN,NaN,-74.7242285268713,7.13831117424768,NaN,0,0
NaN,NaN,NaN,NaN,NaN,NaN,NaN,NaN,NaN,NaN,NaN,NaN,-74.7245166167539,7.31915631145671,NaN,0,0
NaN,NaN,NaN,NaN,NaN,NaN,NaN,NaN,NaN,NaN,NaN,NaN,-74.7248121120985,7.49999999999954,NaN,0,0
NaN,NaN,NaN,NaN,NaN,NaN,NaN,NaN,NaN,NaN,NaN,NaN,-74.7251150277449,7.68084220490948,NaN,0,0
NaN,NaN,NaN,NaN,NaN,NaN,NaN,NaN,NaN,NaN,NaN,NaN,-74.7254253789203,7.86168289128039,NaN,0,0
NaN,NaN,NaN,NaN,NaN,NaN,NaN,NaN,NaN,NaN,NaN,NaN,-74.7257431812416,8.04252202426811,NaN,0,0
NaN,NaN,NaN,NaN,NaN,NaN,NaN,NaN,NaN,NaN,NaN,NaN,-74.7260684507173,8.22335956909188,NaN,0,0
NaN,NaN,NaN,NaN,NaN,NaN,NaN,NaN,NaN,NaN,NaN,NaN,-74.7264012037492,8.40419549103574,NaN,0,0
NaN,NaN,NaN,NaN,NaN,NaN,NaN,NaN,NaN,NaN,NaN,NaN,-74.7267414571347,8.58502975544995,NaN,0,0
NaN,NaN,NaN,NaN,NaN,NaN,NaN,NaN,NaN,NaN,NaN,NaN,-74.7270892280687,8.76586232775241,NaN,0,0
NaN,NaN,NaN,NaN,NaN,NaN,NaN,NaN,NaN,NaN,NaN,NaN,-74.7274445341461,8.94669317343007,NaN,0,0
NaN,NaN,NaN,NaN,NaN,NaN,NaN,NaN,NaN,NaN,NaN,NaN,-74.7278073933636,9.1275222580403,NaN,0,0
NaN,NaN,NaN,NaN,NaN,NaN,NaN,NaN,NaN,NaN,NaN,NaN,-74.7281778241222,9.30834954721232,NaN,0,0
NaN,NaN,NaN,NaN,NaN,NaN,NaN,NaN,NaN,NaN,NaN,NaN,-74.7285558452294,9.48917500664859,NaN,0,0
NaN,NaN,NaN,NaN,NaN,NaN,NaN,NaN,NaN,NaN,NaN,NaN,-74.7289414759017,9.66999860212622,NaN,0,0
NaN,NaN,NaN,NaN,NaN,NaN,NaN,NaN,NaN,NaN,NaN,NaN,-74.7293347357668,9.8508202994983,NaN,0,0
NaN,NaN,NaN,NaN,NaN,NaN,NaN,NaN,NaN,NaN,NaN,NaN,-74.7297356448663,10.0316400646954,NaN,0,0
NaN,NaN,NaN,NaN,NaN,NaN,NaN,NaN,NaN,NaN,NaN,NaN,-74.7301442236583,10.2124578637268,NaN,0,0
NaN,NaN,NaN,NaN,NaN,NaN,NaN,NaN,NaN,NaN,NaN,NaN,-74.7305604930195,10.3932736626821,NaN,0,0
NaN,NaN,NaN,NaN,NaN,NaN,NaN,NaN,NaN,NaN,NaN,NaN,-74.7309844742485,10.5740874277322,NaN,0,0
NaN,NaN,NaN,NaN,NaN,NaN,NaN,NaN,NaN,NaN,NaN,NaN,-74.7314161890681,10.7548991251312,NaN,0,0
NaN,NaN,NaN,NaN,NaN,NaN,NaN,NaN,NaN,NaN,NaN,NaN,-74.7318556596281,10.9357087212173,NaN,0,0
NaN,NaN,NaN,NaN,NaN,NaN,NaN,NaN,NaN,NaN,NaN,NaN,-74.5403386237525,4.06375634276491,NaN,0,0
NaN,NaN,NaN,NaN,NaN,NaN,NaN,NaN,NaN,NaN,NaN,NaN,-74.5404616987602,4.24462070565552,NaN,0,0
NaN,NaN,NaN,NaN,NaN,NaN,NaN,NaN,NaN,1,0,14.8559624094421,-74.540590181948,4.42548422218928,2.8,14,1
1.4,NaN,0.622007442112075,0.0431258101708335,2.92002844162709,NaN,NaN,NaN,NaN,NaN,112,14.9744382011914,-74.540724079684,4.60634685658988,4.1,178,1
1.5,NaN,0.694347135471263,0.0430213656176798,3.36785656413565,NaN,NaN,NaN,NaN,NaN,212,14.9702294096304,-74.5408633986089,4.78720857311705,4.6,396,1
1.5,NaN,0.727928999283333,0.0579480717719421,3.21574513989209,NaN,NaN,NaN,NaN,NaN,133,14.9924456474089,-74.5410081456363,4.96806933606801,4.6,258,1
1.2,NaN,0.772280982463941,0.0505953416593841,3.157186100335,NaN,NaN,NaN,NaN,NaN,170,14.9797981517182,-74.5411583279536,5.14892910977894,3.8,243,1
1.4,NaN,0.747624930162271,0.0431532263770286,3.29709490453607,NaN,NaN,NaN,NaN,NaN,178,14.8741116785145,-74.541313953023,5.3297878586264,3.8,287,1
2.2,NaN,0.836074938423372,0.140309440919716,3.39566736529871,NaN,NaN,NaN,NaN,NaN,36,14.9523553263021,-74.5414750285824,5.51064554702881,4.3,186,1
1.6,NaN,0.644283022603725,0.0651294446431103,2.76324659598893,NaN,NaN,NaN,NaN,NaN,54,14.9572175894622,-74.5416415626464,5.69150213944793,3.6,122,1
1.4,NaN,0.72382413650542,0.0939060139113589,2.65680646759377,NaN,NaN,NaN,NaN,NaN,44,14.9735286979146,-74.541813563507,5.87235760039023,3.3,77,1
1.3,NaN,1.13294212670414,0.181451887905812,2.64891602377106,NaN,NaN,NaN,NaN,NaN,15,14.9862344305859,-74.5419910397349,6.05321189440842,2,26,1
1.5,NaN,0.589984956547814,0.0805121136181999,2.44127993558901,NaN,NaN,NaN,NaN,NaN,36,14.9341497502865,-74.5421740001806,6.23406498610285,3.9,83,1
1.4,NaN,0.649840004533844,0.0597783370938607,2.76103435506646,NaN,NaN,NaN,NaN,NaN,71,14.987907735126,-74.5423624539751,6.41491684012294,3.8,115,1
1.5,NaN,0.669185271726411,0.0449388763181654,2.99941310218717,NaN,NaN,NaN,NaN,NaN,99,14.9924467590929,-74.5425564105314,6.59576742116867,3.4,170,1
1.5,NaN,0.621308271678472,0.0455261326707171,2.93196240751771,NaN,NaN,NaN,NaN,NaN,100,14.9473615991663,-74.5427558795455,6.77661669399199,4.1,181,1
2.7,NaN,0.585565593577419,0.183791875802146,2.66020834870666,NaN,NaN,NaN,NaN,NaN,12,14.9686106950783,-74.5429608709976,6.95746462339826,5.3,83,1
2.8,NaN,0.789626330733185,0.533377265629603,2.81301371738088,NaN,NaN,NaN,NaN,NaN,4,14.6984537208331,-74.5431713951535,7.13831117424768,4.4,28,1
NaN,NaN,NaN,NaN,NaN,NaN,NaN,NaN,NaN,NaN,NaN,NaN,-74.5433874625654,7.31915631145671,NaN,0,0
NaN,NaN,NaN,NaN,NaN,NaN,NaN,NaN,NaN,NaN,NaN,NaN,-74.5436090840739,7.49999999999954,NaN,0,0
NaN,NaN,NaN,NaN,NaN,NaN,NaN,NaN,NaN,NaN,NaN,NaN,-74.5438362708087,7.68084220490948,NaN,0,0
NaN,NaN,NaN,NaN,NaN,NaN,NaN,NaN,NaN,NaN,NaN,NaN,-74.5440690341902,7.86168289128039,NaN,0,0
NaN,NaN,NaN,NaN,NaN,NaN,NaN,NaN,NaN,NaN,NaN,NaN,-74.5443073859312,8.04252202426811,NaN,0,0
NaN,NaN,NaN,NaN,NaN,NaN,NaN,NaN,NaN,NaN,NaN,NaN,-74.544551338038,8.22335956909188,NaN,0,0
NaN,NaN,NaN,NaN,NaN,NaN,NaN,NaN,NaN,NaN,NaN,NaN,-74.5448009028119,8.40419549103574,NaN,0,0
NaN,NaN,NaN,NaN,NaN,NaN,NaN,NaN,NaN,NaN,NaN,NaN,-74.545056092851,8.58502975544995,NaN,0,0
NaN,NaN,NaN,NaN,NaN,NaN,NaN,NaN,NaN,NaN,NaN,NaN,-74.5453169210515,8.76586232775241,NaN,0,0
NaN,NaN,NaN,NaN,NaN,NaN,NaN,NaN,NaN,NaN,NaN,NaN,-74.5455834006096,8.94669317343007,NaN,0,0
NaN,NaN,NaN,NaN,NaN,NaN,NaN,NaN,NaN,NaN,NaN,NaN,-74.5458555450227,9.1275222580403,NaN,0,0
NaN,NaN,NaN,NaN,NaN,NaN,NaN,NaN,NaN,NaN,NaN,NaN,-74.5461333680917,9.30834954721232,NaN,0,0
NaN,NaN,NaN,NaN,NaN,NaN,NaN,NaN,NaN,NaN,NaN,NaN,-74.5464168839221,9.48917500664859,NaN,0,0
NaN,NaN,NaN,NaN,NaN,NaN,NaN,NaN,NaN,NaN,NaN,NaN,-74.5467061069263,9.66999860212622,NaN,0,0
NaN,NaN,NaN,NaN,NaN,NaN,NaN,NaN,NaN,NaN,NaN,NaN,-74.5470010518251,9.8508202994983,NaN,0,0
NaN,NaN,NaN,NaN,NaN,NaN,NaN,NaN,NaN,NaN,NaN,NaN,-74.5473017336497,10.0316400646954,NaN,0,0
NaN,NaN,NaN,NaN,NaN,NaN,NaN,NaN,NaN,NaN,NaN,NaN,-74.5476081677437,10.2124578637268,NaN,0,0
NaN,NaN,NaN,NaN,NaN,NaN,NaN,NaN,NaN,NaN,NaN,NaN,-74.5479203697646,10.3932736626821,NaN,0,0
NaN,NaN,NaN,NaN,NaN,NaN,NaN,NaN,NaN,NaN,NaN,NaN,-74.5482383556864,10.5740874277322,NaN,0,0
NaN,NaN,NaN,NaN,NaN,NaN,NaN,NaN,NaN,NaN,NaN,NaN,-74.548562141801,10.7548991251312,NaN,0,0
NaN,NaN,NaN,NaN,NaN,NaN,NaN,NaN,NaN,NaN,NaN,NaN,-74.5488917447211,10.9357087212173,NaN,0,0
NaN,NaN,NaN,NaN,NaN,NaN,NaN,NaN,NaN,NaN,NaN,NaN,-74.3602257491683,4.06375634276491,NaN,0,0
NaN,NaN,NaN,NaN,NaN,NaN,NaN,NaN,NaN,NaN,NaN,NaN,-74.3603077991735,4.24462070565552,NaN,0,0
1.5,NaN,0.592219748049889,0.235104583791352,1.66648087245848,NaN,NaN,NaN,NaN,NaN,6,14.8348463970588,-74.360393454632,4.42548422218928,3.3,11,1
2.1,NaN,1.60849808112316,0.346983152782398,4.07681597469465,NaN,NaN,NaN,NaN,NaN,5,14.6728155729703,-74.3604827197894,4.60634685658988,2.4,37,1
2,NaN,2.17147240951626,1.62677588672517,4.86112205564813,NaN,NaN,NaN,NaN,NaN,2,14.9687055331803,-74.3605755990726,4.78720857311705,2.4,16,1
2,NaN,2.17147240951626,1.62677588672517,4.86112205564813,NaN,NaN,NaN,NaN,NaN,2,14.7448907030075,-74.3606720970909,4.96806933606801,2.4,14,1
1.5,NaN,0.713908737375208,0.164174714028232,2.15004435211044,NaN,NaN,NaN,NaN,NaN,12,14.8411112657569,-74.3607722186357,5.14892910977894,2.8,34,1
1.9,NaN,0.83143953765592,0.102892235344602,3.25183297948197,NaN,NaN,NaN,NaN,NaN,47,14.9706797778147,-74.360875968682,5.3297878586264,3.8,121,1
2.1,NaN,0.960136900865802,0.146736278725099,3.64975594739777,NaN,NaN,NaN,NaN,NaN,43,14.9923820418081,-74.3609833523883,5.51064554702881,4.1,152,1
1.5,NaN,0.725675349130754,0.0390895634118685,3.38076909505261,NaN,NaN,NaN,NaN,NaN,196,14.9451449690551,-74.3610943750976,5.69150213944793,3.6,338,1
1.8,NaN,0.943411234096953,0.0787606002675995,3.76259821060143,NaN,NaN,NaN,NaN,NaN,116,14.9791693823405,-74.361209042338,5.87235760039023,3.9,289,1
1.6,NaN,0.8071633269739,0.0598586548523196,3.49285844747869,NaN,NaN,NaN,NaN,NaN,159,14.9434223774859,-74.3613273598233,6.05321189440842,4.7,324,1
1.4,NaN,0.686791273707468,0.0416650415307136,3.14619921400805,NaN,NaN,NaN,NaN,NaN,153,14.9124079890017,-74.3614493334537,6.23406498610285,4.7,231,1
1.6,NaN,0.708906079281483,0.049497530888583,3.12988492144792,NaN,NaN,NaN,NaN,NaN,99,14.9759373596488,-74.3615749693167,6.41491684012294,3.9,188,1
1.8,NaN,0.832181043167908,0.077920692491559,3.30410585168612,NaN,NaN,NaN,NaN,NaN,64,14.8985089440689,-74.3617042736876,6.59576742116867,3.4,146,1
2,NaN,0.873184672609713,0.0815453857237416,3.50224420089192,NaN,NaN,NaN,NaN,NaN,57,14.8743598331571,-74.3618372530303,6.77661669399199,3.5,157,1
1.3,NaN,0.560073758082882,0.046853226382864,2.49894789714989,NaN,NaN,NaN,NaN,NaN,59,14.8602202156386,-74.3619739139984,6.95746462339826,3.6,91,1
1.7,NaN,0.682137929690971,0.0901611341351678,2.63675573519431,NaN,NaN,NaN,NaN,NaN,30,14.9907838205753,-74.3621142634356,7.13831117424768,3.3,71,1
0.9,NaN,0.466597377251428,0.0502293303706565,1.8349109874971,NaN,NaN,NaN,NaN,NaN,26,14.9754028627351,-74.362258308377,7.31915631145671,2.9,35,1
NaN,NaN,NaN,NaN,NaN,NaN,NaN,NaN,NaN,1,0,14.0126055141872,-74.3624060560493,7.49999999999954,2.7,3,1
2.7,NaN,8.68588963806507,0,25.4901099460527,NaN,NaN,NaN,NaN,NaN,2,14.9370960861557,-74.3625575138724,7.68084220490948,2.9,13,1
1.9,NaN,8.68588963806507,0,23.4519020227757,NaN,NaN,NaN,NaN,NaN,1,14.9908938957627,-74.3627126894601,7.86168289128039,2.7,11,1
NaN,NaN,NaN,NaN,NaN,NaN,NaN,NaN,NaN,NaN,NaN,NaN,-74.3628715906208,8.04252202426811,NaN,0,0
NaN,NaN,NaN,NaN,NaN,NaN,NaN,NaN,NaN,NaN,NaN,NaN,-74.3630342253587,8.22335956909188,NaN,0,0
NaN,NaN,NaN,NaN,NaN,NaN,NaN,NaN,NaN,NaN,NaN,NaN,-74.3632006018746,8.40419549103574,NaN,0,0
NaN,NaN,NaN,NaN,NaN,NaN,NaN,NaN,NaN,NaN,NaN,NaN,-74.3633707285673,8.58502975544995,NaN,0,0
NaN,NaN,NaN,NaN,NaN,NaN,NaN,NaN,NaN,NaN,NaN,NaN,-74.3635446140344,8.76586232775241,NaN,0,0
NaN,NaN,NaN,NaN,NaN,NaN,NaN,NaN,NaN,NaN,NaN,NaN,-74.3637222670731,8.94669317343007,NaN,0,0
NaN,NaN,NaN,NaN,NaN,NaN,NaN,NaN,NaN,NaN,NaN,NaN,-74.3639036966818,9.1275222580403,NaN,0,0
NaN,NaN,NaN,NaN,NaN,NaN,NaN,NaN,NaN,NaN,NaN,NaN,-74.3640889120611,9.30834954721232,NaN,0,0
NaN,NaN,NaN,NaN,NaN,NaN,NaN,NaN,NaN,NaN,NaN,NaN,-74.3642779226147,9.48917500664859,NaN,0,0
NaN,NaN,NaN,NaN,NaN,NaN,NaN,NaN,NaN,NaN,NaN,NaN,-74.3644707379508,9.66999860212622,NaN,0,0
NaN,NaN,NaN,NaN,NaN,NaN,NaN,NaN,NaN,NaN,NaN,NaN,-74.3646673678834,9.8508202994983,NaN,0,0
NaN,NaN,NaN,NaN,NaN,NaN,NaN,NaN,NaN,NaN,NaN,NaN,-74.3648678224332,10.0316400646954,NaN,0,0
NaN,NaN,NaN,NaN,NaN,NaN,NaN,NaN,NaN,NaN,NaN,NaN,-74.3650721118291,10.2124578637268,NaN,0,0
NaN,NaN,NaN,NaN,NaN,NaN,NaN,NaN,NaN,NaN,NaN,NaN,-74.3652802465097,10.3932736626821,NaN,0,0
NaN,NaN,NaN,NaN,NaN,NaN,NaN,NaN,NaN,NaN,NaN,NaN,-74.3654922371242,10.5740874277322,NaN,0,0
NaN,NaN,NaN,NaN,NaN,NaN,NaN,NaN,NaN,NaN,NaN,NaN,-74.365708094534,10.7548991251312,NaN,0,0
NaN,NaN,NaN,NaN,NaN,NaN,NaN,NaN,NaN,NaN,NaN,NaN,-74.3659278298141,10.9357087212173,NaN,0,0
NaN,NaN,NaN,NaN,NaN,NaN,NaN,NaN,NaN,NaN,NaN,NaN,-74.1801128745842,4.06375634276491,NaN,0,0
NaN,NaN,NaN,NaN,NaN,NaN,NaN,NaN,NaN,NaN,NaN,NaN,-74.1801538995867,4.24462070565552,NaN,0,0
NaN,NaN,NaN,NaN,NaN,NaN,NaN,NaN,NaN,NaN,NaN,NaN,-74.180196727316,4.42548422218928,NaN,0,0
NaN,NaN,NaN,NaN,NaN,NaN,NaN,NaN,NaN,NaN,NaN,NaN,-74.1802413598947,4.60634685658988,NaN,0,0
NaN,NaN,NaN,NaN,NaN,NaN,NaN,NaN,NaN,NaN,NaN,NaN,-74.1802877995363,4.78720857311705,NaN,0,0
NaN,NaN,NaN,NaN,NaN,NaN,NaN,NaN,NaN,NaN,NaN,NaN,-74.1803360485454,4.96806933606801,NaN,0,0
NaN,NaN,NaN,NaN,NaN,NaN,NaN,NaN,NaN,1,0,14.6581510035686,-74.1803861093179,5.14892910977894,1.8,4,1
2,NaN,0.57060588863201,0.160537013067724,2.20957546442975,NaN,NaN,NaN,NaN,NaN,9,14.9887214533561,-74.180437984341,5.3297878586264,3.8,27,1
1.4,NaN,0.789626330733184,0.106069538416887,2.73894531860604,NaN,NaN,NaN,NaN,NaN,43,14.9170402473999,-74.1804916761941,5.51064554702881,3.6,74,1
1.5,NaN,0.832893526937743,0.0552083129564611,3.27052958947655,NaN,NaN,NaN,NaN,NaN,105,14.9547602292578,-74.1805471875488,5.69150213944793,3.1,224,1
1.5,NaN,0.922803680006909,0.0613271823040807,3.58832550266629,NaN,NaN,NaN,NaN,NaN,160,14.9747461115879,-74.180604521169,5.87235760039023,3.9,314,1
1.5,NaN,0.731006514927194,0.0427485944910708,3.45634525473068,NaN,NaN,NaN,NaN,NaN,229,14.9739026691068,-74.1806636799116,6.05321189440842,4.5,391,1
2.1,NaN,0.969683641304173,0.142524000854575,3.70843350467448,NaN,NaN,NaN,NaN,NaN,47,14.9692503126676,-74.1807246667269,6.23406498610285,4.1,177,1
2.1,NaN,0.726576319533957,0.105447982922719,3.1692629475075,NaN,NaN,NaN,NaN,NaN,44,14.9630974432366,-74.1807874846584,6.41491684012294,4,154,1
1.3,NaN,0.65269690921876,0.049280562409601,3.07639268659806,NaN,NaN,NaN,NaN,NaN,169,14.930380508948,-74.1808521368438,6.59576742116867,4.5,294,1
1.4,NaN,0.547142654366301,0.0454101108777609,2.57217969009671,NaN,NaN,NaN,NaN,NaN,64,14.9938691808735,-74.1809186265152,6.77661669399199,4.3,114,1
1.3,NaN,0.578221307309684,0.0417769592214547,2.71547552684814,NaN,NaN,NaN,NaN,NaN,92,14.9915690274517,-74.1809869569992,6.95746462339826,3.6,153,1
1.2,NaN,0.703434724209493,0.0560719828157848,2.80790949639695,NaN,NaN,NaN,NaN,NaN,92,14.9837419801633,-74.1810571317178,7.13831117424768,3.3,192,1
1.2,NaN,0.650948579991248,0.0468507124342309,2.77677349058705,NaN,NaN,NaN,NaN,NaN,99,14.8942465746819,-74.1811291541885,7.31915631145671,3.3,170,1
1.3,NaN,0.675790040490186,0.0818827080150699,2.71103596534348,NaN,NaN,NaN,NaN,NaN,68,14.9528593664699,-74.1812030280246,7.49999999999954,4.4,136,1
1.2,NaN,0.707415025098496,0.0650289032401993,2.83566976438444,NaN,NaN,NaN,NaN,NaN,97,14.9621550054975,-74.1812787569362,7.68084220490948,3.6,209,1
1.4,NaN,1.03258827865109,0.121563514039423,3.15319376620946,NaN,NaN,NaN,NaN,NaN,51,14.9609224635401,-74.1813563447301,7.86168289128039,2.8,142,1
1.4,NaN,0.54045535525738,0.0736647971260622,2.20379552870255,NaN,NaN,NaN,NaN,NaN,28,14.9070137084921,-74.1814357953104,8.04252202426811,3.6,53,1
1.5,NaN,0.613501498599389,0.11103453827671,2.19900584885191,NaN,NaN,NaN,NaN,NaN,19,14.9765531394445,-74.1815171126793,8.22335956909188,3.6,30,1
0.8,NaN,0.5513909463072,0.0431362545907347,2.4095957055997,NaN,NaN,NaN,NaN,NaN,93,14.2233544852811,-74.1816003009373,8.40419549103574,4,140,1
1.8,NaN,0.769635790714624,0.119677850606467,2.9294124676366,NaN,NaN,NaN,NaN,NaN,35,14.5970644203845,-74.1816853642837,8.58502975544995,4,150,1
1.9,NaN,0.700474970811697,0.139206759833597,2.63193244020621,NaN,NaN,NaN,NaN,NaN,20,14.8890772163997,-74.1817723070172,8.76586232775241,3.4,88,1
1.1,NaN,0.543590962701807,0.0787903759514117,2.2700479169077,NaN,NaN,NaN,NaN,NaN,47,14.9776157014976,-74.1818611335365,8.94669317343007,4.9,70,1
1.8,NaN,0.645237515970545,0.164128247125341,2.33989463265087,NaN,NaN,NaN,NaN,NaN,13,14.7609401549842,-74.1819518483409,9.1275222580403,4.1,43,1
NaN,NaN,NaN,NaN,NaN,NaN,NaN,NaN,NaN,NaN,NaN,NaN,-74.1820444560306,9.30834954721232,NaN,0,0
NaN,NaN,NaN,NaN,NaN,NaN,NaN,NaN,NaN,1,0,11.9786106267818,-74.1821389613074,9.48917500664859,2.7,2,1
NaN,NaN,NaN,NaN,NaN,NaN,NaN,NaN,NaN,NaN,NaN,NaN,-74.1822353689754,9.66999860212622,NaN,0,0
NaN,NaN,NaN,NaN,NaN,NaN,NaN,NaN,NaN,NaN,NaN,NaN,-74.1823336839417,9.8508202994983,NaN,0,0
1.7,NaN,0.542868102379065,0.211650253259197,1.52493576537237,NaN,NaN,NaN,NaN,NaN,4,14.570246656491,-74.1824339112166,10.0316400646954,3.1,19,1
NaN,NaN,NaN,NaN,NaN,NaN,NaN,NaN,NaN,NaN,NaN,NaN,-74.1825360559146,10.2124578637268,NaN,0,0
NaN,NaN,NaN,NaN,NaN,NaN,NaN,NaN,NaN,NaN,NaN,NaN,-74.1826401232549,10.3932736626821,NaN,0,0
NaN,NaN,NaN,NaN,NaN,NaN,NaN,NaN,NaN,NaN,NaN,NaN,-74.1827461185621,10.5740874277322,NaN,0,0
NaN,NaN,NaN,NaN,NaN,NaN,NaN,NaN,NaN,NaN,NaN,NaN,-74.182854047267,10.7548991251312,NaN,0,0
NaN,NaN,NaN,NaN,NaN,NaN,NaN,NaN,NaN,NaN,NaN,NaN,-74.182963914907,10.9357087212173,NaN,0,0
NaN,NaN,NaN,NaN,NaN,NaN,NaN,NaN,NaN,NaN,NaN,NaN,-74,4.06375634276491,NaN,0,0
NaN,NaN,NaN,NaN,NaN,NaN,NaN,NaN,NaN,NaN,NaN,NaN,-74,4.24462070565552,NaN,0,0
NaN,NaN,NaN,NaN,NaN,NaN,NaN,NaN,NaN,NaN,NaN,NaN,-74,4.42548422218928,NaN,0,0
NaN,NaN,NaN,NaN,NaN,NaN,NaN,NaN,NaN,NaN,NaN,NaN,-74,4.60634685658988,NaN,0,0
NaN,NaN,NaN,NaN,NaN,NaN,NaN,NaN,NaN,NaN,NaN,NaN,-74,4.78720857311705,NaN,0,0
NaN,NaN,NaN,NaN,NaN,NaN,NaN,NaN,NaN,NaN,NaN,NaN,-74,4.96806933606801,NaN,0,0
NaN,NaN,NaN,NaN,NaN,NaN,NaN,NaN,NaN,NaN,NaN,NaN,-74,5.14892910977894,NaN,0,0
NaN,NaN,NaN,NaN,NaN,NaN,NaN,NaN,NaN,NaN,NaN,NaN,-74,5.3297878586264,NaN,0,0
1.5,NaN,0.694871171045203,0.140157860875345,2.12148800261543,NaN,NaN,NaN,NaN,NaN,12,14.8979307157241,-74,5.51064554702881,2.8,26,1
2.1,NaN,1.24084137686644,0.177446883711586,3.94818957224172,NaN,NaN,NaN,NaN,NaN,22,14.9667464457707,-74,5.69150213944793,2.9,77,1
1.5,NaN,0.994908851721735,0.0743088525873435,3.44175328422752,NaN,NaN,NaN,NaN,NaN,89,14.9102156844527,-74,5.87235760039023,2.8,171,1
1.5,NaN,0.722128998012433,0.0506413945879901,3.23548184140171,NaN,NaN,NaN,NaN,NaN,142,14.966270309595,-74,6.05321189440842,4.2,228,1
1.5,NaN,0.585677129880957,0.0498371078636581,2.95039770212756,NaN,NaN,NaN,NaN,NaN,118,14.9896702499469,-74,6.23406498610285,5.4,180,1
1.5,NaN,0.646968007906587,0.0534201346068084,2.94357986545958,NaN,NaN,NaN,NaN,NaN,94,14.9784287208779,-74,6.41491684012294,4,145,1
1.3,NaN,0.654715299351636,0.0577602430363264,2.87231918822707,NaN,NaN,NaN,NaN,NaN,105,14.8919391340216,-74,6.59576742116867,4.5,193,1
1.3,NaN,0.659229321988256,0.0627448903495781,2.81603951090583,NaN,NaN,NaN,NaN,NaN,91,14.9272755051112,-74,6.77661669399199,4.4,160,1
1.3,NaN,0.495720748574432,0.0383367994275146,2.60822480049232,NaN,NaN,NaN,NaN,NaN,92,14.9928835200062,-74,6.95746462339826,4.4,155,1
1.4,NaN,0.622234784013431,0.0489513230918049,2.8623547733113,NaN,NaN,NaN,NaN,NaN,98,14.9697833469767,-74,7.13831117424768,3.5,223,1
1,NaN,0.620148931670872,0.0400328877503165,2.83233653607483,NaN,NaN,NaN,NaN,NaN,163,14.9098516537966,-74,7.31915631145671,3.3,232,1
1.3,NaN,0.684668271315791,0.0537618019946145,2.89866892447245,NaN,NaN,NaN,NaN,NaN,102,14.9496898110504,-74,7.49999999999954,3.1,210,1
1.2,NaN,0.591347039903632,0.0530101946019211,2.59610717305684,NaN,NaN,NaN,NaN,NaN,77,14.946735549696,-74,7.68084220490948,4,154,1
1.1,NaN,0.54356142051748,0.0738038173161631,2.28811364259774,NaN,NaN,NaN,NaN,NaN,49,14.8758589754009,-74,7.86168289128039,4,101,1
1.1,NaN,0.423014105749921,0.0602319702830289,1.94243677104458,NaN,NaN,NaN,NaN,NaN,30,14.9086869673056,-74,8.04252202426811,3.7,73,1
1.5,NaN,0.447726270003353,0.111419040368642,1.41533203634138,NaN,NaN,NaN,NaN,NaN,5,13.876316253673,-74,8.22335956909188,3,12,1
1.1,NaN,0.640552333190637,0.0892821752520024,2.10254757518174,NaN,NaN,NaN,NaN,NaN,25,14.9399875540042,-74,8.40419549103574,2.8,46,1
1.5,NaN,0.705728533092784,0.104205603300781,2.47356614760999,NaN,NaN,NaN,NaN,NaN,26,14.8110368207749,-74,8.58502975544995,3.1,69,1
1.5,NaN,0.521153378283902,0.101361266673553,2.16194130913746,NaN,NaN,NaN,NaN,NaN,24,14.8751803862183,-74,8.76586232775241,4.4,52,1
1.3,NaN,0.788149012995612,0.0808085891739029,3.01136545116054,NaN,NaN,NaN,NaN,NaN,97,14.9903380931249,-74,8.94669317343007,4.9,201,1
1.2,NaN,0.8772377870592,0.101473857395491,2.90394369319012,NaN,NaN,NaN,NaN,NaN,71,14.7926065117598,-74,9.1275222580403,3.3,128,1
NaN,NaN,NaN,NaN,NaN,NaN,NaN,NaN,NaN,1,0,12.1569873628892,-74,9.30834954721232,3,6,1
2.3,NaN,0.965098848673894,0.752335691677428,2.98637826127179,NaN,NaN,NaN,NaN,NaN,3,14.738844919595,-74,9.48917500664859,3.7,9,1
NaN,NaN,NaN,NaN,NaN,NaN,NaN,NaN,NaN,1,0,14.4020936205903,-74,9.66999860212622,3.7,15,1
1.2,NaN,0.583380647332726,0.112043247483386,1.95532928190258,NaN,NaN,NaN,NaN,NaN,18,14.8528039193261,-74,9.8508202994983,3.4,38,1
1.4,NaN,0.703035453733724,0.118864747704992,2.47561132906149,NaN,NaN,NaN,NaN,NaN,31,14.8141416289558,-74,10.0316400646954,3.4,87,1
1.9,NaN,0.827227584577623,0.267833337567847,2.42196067739873,NaN,NaN,NaN,NaN,NaN,4,14.970288950598,-74,10.2124578637268,3,26,1
NaN,NaN,NaN,NaN,NaN,NaN,NaN,NaN,NaN,NaN,NaN,NaN,-74,10.3932736626821,NaN,0,0
NaN,NaN,NaN,NaN,NaN,NaN,NaN,NaN,NaN,NaN,NaN,NaN,-74,10.5740874277322,NaN,0,0
NaN,NaN,NaN,NaN,NaN,NaN,NaN,NaN,NaN,NaN,NaN,NaN,-74,10.7548991251312,NaN,0,0
NaN,NaN,NaN,NaN,NaN,NaN,NaN,NaN,NaN,NaN,NaN,NaN,-74,10.9357087212173,NaN,0,0
NaN,NaN,NaN,NaN,NaN,NaN,NaN,NaN,NaN,NaN,NaN,NaN,-73.8198871254158,4.06375634276491,NaN,0,0
NaN,NaN,NaN,NaN,NaN,NaN,NaN,NaN,NaN,NaN,NaN,NaN,-73.8198461004133,4.24462070565552,NaN,0,0
NaN,NaN,NaN,NaN,NaN,NaN,NaN,NaN,NaN,NaN,NaN,NaN,-73.819803272684,4.42548422218928,NaN,0,0
NaN,NaN,NaN,NaN,NaN,NaN,NaN,NaN,NaN,NaN,NaN,NaN,-73.8197586401053,4.60634685658988,NaN,0,0
NaN,NaN,NaN,NaN,NaN,NaN,NaN,NaN,NaN,NaN,NaN,NaN,-73.8197122004637,4.78720857311705,NaN,0,0
NaN,NaN,NaN,NaN,NaN,NaN,NaN,NaN,NaN,NaN,NaN,NaN,-73.8196639514546,4.96806933606801,NaN,0,0
NaN,NaN,NaN,NaN,NaN,NaN,NaN,NaN,NaN,NaN,NaN,NaN,-73.8196138906821,5.14892910977894,NaN,0,0
NaN,NaN,NaN,NaN,NaN,NaN,NaN,NaN,NaN,NaN,NaN,NaN,-73.819562015659,5.3297878586264,NaN,0,0
NaN,NaN,NaN,NaN,NaN,NaN,NaN,NaN,NaN,NaN,NaN,NaN,-73.8195083238059,5.51064554702881,NaN,0,0
1.6,NaN,8.68588963806507,0,21.7147240951627,NaN,NaN,NaN,NaN,NaN,1,12.2629235931995,-73.8194528124512,5.69150213944793,2.5,4,1
2.3,NaN,8.68588963806507,0,24.3204909865822,NaN,NaN,NaN,NaN,NaN,1,14.8391171513351,-73.819395478831,5.87235760039023,2.8,32,1
1.7,NaN,0.857865643265683,0.0969127202520447,3.26455156753555,NaN,NaN,NaN,NaN,NaN,64,14.9463100460522,-73.8193363200884,6.05321189440842,4.1,143,1
1.8,NaN,0.575176262705061,0.0605482031646812,2.93294436415955,NaN,NaN,NaN,NaN,NaN,79,14.9670404031448,-73.8192753332731,6.23406498610285,5.4,149,1
1.8,NaN,0.610283095484962,0.0528679832781432,3.0330080231165,NaN,NaN,NaN,NaN,NaN,86,14.9900687845691,-73.8192125153416,6.41491684012294,4.6,176,1
1.5,NaN,0.554418487536066,0.0699834466192126,2.51286896867969,NaN,NaN,NaN,NaN,NaN,48,14.9859850499728,-73.8191478631562,6.59576742116867,4.6,90,1
1.7,NaN,0.563174889251099,0.064583374951796,2.67340065536167,NaN,NaN,NaN,NaN,NaN,52,14.987488234059,-73.8190813734848,6.77661669399199,5.4,154,1
1.3,NaN,0.620420688433217,0.070630213300236,2.46930472664476,NaN,NaN,NaN,NaN,NaN,46,14.9670814549527,-73.8190130430008,6.95746462339826,3.2,81,1
1.4,NaN,0.671274843222825,0.0600026214263701,2.75932871605382,NaN,NaN,NaN,NaN,NaN,66,14.9802171876309,-73.8189428682822,7.13831117424768,3.5,164,1
1.2,NaN,0.755994098127882,0.0680290626296895,2.88032077135316,NaN,NaN,NaN,NaN,NaN,94,14.9813506893083,-73.8188708458115,7.31915631145671,3.4,203,1
0.9,NaN,0.633854015287826,0.0597730495223191,2.52951000608014,NaN,NaN,NaN,NaN,NaN,91,14.992132247253,-73.8187969719754,7.49999999999954,3.8,117,1
1.1,NaN,0.659882074976672,0.0626713810888941,2.66036873371791,NaN,NaN,NaN,NaN,NaN,86,14.8934113545761,-73.8187212430638,7.68084220490948,3.8,148,1
1,NaN,0.681011979875801,0.0887998509982418,2.43688683554829,NaN,NaN,NaN,NaN,NaN,57,14.9913627210586,-73.8186436552699,7.86168289128039,3.9,86,1
1.1,NaN,0.652461193469674,0.117484003474614,2.22285729113655,NaN,NaN,NaN,NaN,NaN,32,14.9950183084203,-73.8185642046896,8.04252202426811,3.5,65,1
0.7,NaN,0.769635790714624,0.1769560927789,1.38384309351449,NaN,NaN,NaN,NaN,NaN,7,14.3962904311674,-73.8184828873207,8.22335956909188,1.6,11,1
1.4,NaN,0.586884435004395,0.117174908350879,1.82163820900615,NaN,NaN,NaN,NaN,NaN,10,14.6995904222307,-73.8183996990627,8.40419549103574,2.9,28,1
1.9,NaN,0.789626330733185,0.373960331405907,2.35740391185001,NaN,NaN,NaN,NaN,NaN,6,14.9001074629789,-73.8183146357163,8.58502975544995,3.7,43,1
2.8,NaN,0.579059309204336,0.291976253941577,2.2722051132531,NaN,NaN,NaN,NaN,NaN,3,14.9472522047022,-73.8182276929828,8.76586232775241,4.4,16,1
1.1,NaN,0.624975906409966,0.0805768613581822,2.37766957707948,NaN,NaN,NaN,NaN,NaN,49,14.9911599982238,-73.8181388664635,8.94669317343007,4,80,1
1.5,NaN,0.662483107988012,0.130182296944233,2.24899716708532,NaN,NaN,NaN,NaN,NaN,18,14.726308449825,-73.8180481516591,9.1275222580403,3.5,46,1
2.1,NaN,0.359770576724587,0.0999799042464577,1.63659330880835,NaN,NaN,NaN,NaN,NaN,7,14.3021387554408,-73.8179555439694,9.30834954721232,4.8,23,1
1.6,NaN,0.573396137476176,0.0636823189603804,2.34879758412087,NaN,NaN,NaN,NaN,NaN,27,14.8298065483328,-73.8178610386926,9.48917500664859,3.4,63,1
2.3,NaN,0.902430092266497,0.304299499407682,3.27970919486887,NaN,NaN,NaN,NaN,NaN,16,14.774817402787,-73.8177646310246,9.66999860212622,4.7,65,1
2,NaN,0.523246363738858,0.195964602059021,2.04649272747772,NaN,NaN,NaN,NaN,NaN,10,14.9562705406226,-73.8176663160583,9.8508202994983,4.7,34,1
1.4,NaN,0.783925057587097,0.190242736870251,2.49543508929397,NaN,NaN,NaN,NaN,NaN,25,14.9475884350283,-73.8175660887834,10.0316400646954,4.3,47,1
1.4,NaN,0.907481006962018,0.324095220522602,2.41660144542506,NaN,NaN,NaN,NaN,NaN,14,14.9052266299201,-73.8174639440854,10.2124578637268,3.7,21,1
NaN,NaN,NaN,NaN,NaN,NaN,NaN,NaN,NaN,NaN,NaN,NaN,-73.8173598767451,10.3932736626821,NaN,0,0
NaN,NaN,NaN,NaN,NaN,NaN,NaN,NaN,NaN,NaN,NaN,NaN,-73.8172538814379,10.5740874277322,NaN,0,0
NaN,NaN,NaN,NaN,NaN,NaN,NaN,NaN,NaN,NaN,NaN,NaN,-73.817145952733,10.7548991251312,NaN,0,0
NaN,NaN,NaN,NaN,NaN,NaN,NaN,NaN,NaN,NaN,NaN,NaN,-73.817036085093,10.9357087212173,NaN,0,0
NaN,NaN,NaN,NaN,NaN,NaN,NaN,NaN,NaN,NaN,NaN,NaN,-73.6397742508317,4.06375634276491,NaN,0,0
NaN,NaN,NaN,NaN,NaN,NaN,NaN,NaN,NaN,NaN,NaN,NaN,-73.6396922008265,4.24462070565552,NaN,0,0
NaN,NaN,NaN,NaN,NaN,NaN,NaN,NaN,NaN,NaN,NaN,NaN,-73.639606545368,4.42548422218928,NaN,0,0
NaN,NaN,NaN,NaN,NaN,NaN,NaN,NaN,NaN,NaN,NaN,NaN,-73.6395172802106,4.60634685658988,NaN,0,0
NaN,NaN,NaN,NaN,NaN,NaN,NaN,NaN,NaN,NaN,NaN,NaN,-73.6394244009274,4.78720857311705,NaN,0,0
NaN,NaN,NaN,NaN,NaN,NaN,NaN,NaN,NaN,NaN,NaN,NaN,-73.6393279029091,4.96806933606801,NaN,0,0
NaN,NaN,NaN,NaN,NaN,NaN,NaN,NaN,NaN,NaN,NaN,NaN,-73.6392277813643,5.14892910977894,NaN,0,0
NaN,NaN,NaN,NaN,NaN,NaN,NaN,NaN,NaN,NaN,NaN,NaN,-73.639124031318,5.3297878586264,NaN,0,0
NaN,NaN,NaN,NaN,NaN,NaN,NaN,NaN,NaN,NaN,NaN,NaN,-73.6390166476117,5.51064554702881,NaN,0,0
NaN,NaN,NaN,NaN,NaN,NaN,NaN,NaN,NaN,NaN,NaN,NaN,-73.6389056249024,5.69150213944793,NaN,0,0
1.6,NaN,0.75529475113609,0.314055567928425,1.88606106825932,NaN,NaN,NaN,NaN,NaN,4,14.5982793633472,-73.638790957662,5.87235760039023,2.8,7,1
1.4,NaN,0.615535486162089,0.0937880271494895,2.11702218573023,NaN,NaN,NaN,NaN,NaN,18,14.9781561965558,-73.6386726401767,6.05321189440842,3,27,1
1.3,NaN,0.523646935117796,0.0467722301001092,2.48008156510672,NaN,NaN,NaN,NaN,NaN,63,14.9489255801477,-73.6385506665463,6.23406498610285,4,89,1
1.5,NaN,0.639770238769223,0.045151951854415,3.00497833694049,NaN,NaN,NaN,NaN,NaN,111,14.9754561277415,-73.6384250306833,6.41491684012294,4,182,1
1.5,NaN,0.578083640612585,0.042780895585627,2.76475255220932,NaN,NaN,NaN,NaN,NaN,79,14.9803989014034,-73.6382957263124,6.59576742116867,3.4,170,1
1.4,NaN,0.557947771889594,0.0562247587284105,2.65035860037641,NaN,NaN,NaN,NaN,NaN,74,14.9757180819056,-73.6381627469697,6.77661669399199,5.4,144,1
1.4,NaN,0.665520031207341,0.0917049683089195,2.52279265071678,NaN,NaN,NaN,NaN,NaN,39,14.8091705396426,-73.6380260860016,6.95746462339826,3.6,81,1
1.3,NaN,0.79591817400596,0.116762140879437,2.39642146222534,NaN,NaN,NaN,NaN,NaN,23,14.9557936837491,-73.6378857365644,7.13831117424768,2.4,56,1
1.2,NaN,0.603381671141836,0.079577347511768,2.35752646094979,NaN,NaN,NaN,NaN,NaN,43,14.8908660589407,-73.637741691623,7.31915631145671,3.7,82,1
1.1,NaN,0.504341978984421,0.0874530278513697,1.81004868198617,NaN,NaN,NaN,NaN,NaN,18,14.707823229524,-73.6375939439507,7.49999999999954,3.5,27,1
1.1,NaN,0.626255365753906,0.0752180208133332,2.35163873401087,NaN,NaN,NaN,NaN,NaN,46,14.9807233012481,-73.6374424861276,7.68084220490948,3.1,90,1
0.9,NaN,0.559430180078765,0.0715542891047203,2.0832707586877,NaN,NaN,NaN,NaN,NaN,38,14.9789747672315,-73.6372873105399,7.86168289128039,3.5,59,1
1,NaN,0.447240929873267,0.086433063452384,1.7259945308261,NaN,NaN,NaN,NaN,NaN,19,14.6242038015854,-73.6371284093792,8.04252202426811,3.6,36,1
1.2,NaN,0.368492287675486,0.0913621465446655,1.36098724275994,NaN,NaN,NaN,NaN,NaN,7,14.2369852917155,-73.6369657746413,8.22335956909188,3.3,16,1
1.1,NaN,0.591186205732175,0.152804159036388,1.76424817861223,NaN,NaN,NaN,NaN,NaN,13,14.190835390742,-73.6367993981254,8.40419549103574,2.9,31,1
1.9,NaN,0.777840863110302,0.217654479700482,2.5570788859572,NaN,NaN,NaN,NaN,NaN,12,14.7201079739411,-73.6366292714327,8.58502975544995,3.7,70,1
1,NaN,0.599026871590692,0.0705466759047583,2.40520684557458,NaN,NaN,NaN,NaN,NaN,64,14.9640530460694,-73.6364553859656,8.76586232775241,4.4,92,1
1,NaN,0.702263417545684,0.0792504842883465,2.58307700982648,NaN,NaN,NaN,NaN,NaN,76,14.9876419909509,-73.6362777329269,8.94669317343007,4.4,111,1
1.2,NaN,0.725984805569615,0.0854379307136641,2.61936979368974,NaN,NaN,NaN,NaN,NaN,56,14.9941962632402,-73.6360963033182,9.1275222580403,3.3,100,1
2.2,NaN,0.643399232449263,0.124335912287869,2.31856829838032,NaN,NaN,NaN,NaN,NaN,8,14.9413395585624,-73.6359110879389,9.30834954721232,3.3,38,1
2.3,NaN,1.24084137686643,0.151000722459794,4.37244910667068,NaN,NaN,NaN,NaN,NaN,33,14.9744462816315,-73.6357220773853,9.48917500664859,3.4,134,1
2.3,NaN,1.18290325810224,0.163987963181705,4.26474553798543,NaN,NaN,NaN,NaN,NaN,35,14.9839058824312,-73.6355292620492,9.66999860212622,3.5,115,1
2.1,NaN,1.13294212670413,0.347719245774335,3.55526972513436,NaN,NaN,NaN,NaN,NaN,15,14.9903446626997,-73.6353326321166,9.8508202994983,3.5,40,1
NaN,NaN,NaN,NaN,NaN,NaN,NaN,NaN,NaN,1,0,14.6995085200373,-73.6351321775668,10.0316400646954,3.2,20,1
1.7,NaN,0.572124467177937,0.145861191794806,2.01400427936072,NaN,NaN,NaN,NaN,NaN,11,14.9671262790045,-73.6349278881709,10.2124578637268,3.7,21,1
NaN,NaN,NaN,NaN,NaN,NaN,NaN,NaN,NaN,NaN,NaN,NaN,-73.6347197534903,10.3932736626821,NaN,0,0
NaN,NaN,NaN,NaN,NaN,NaN,NaN,NaN,NaN,NaN,NaN,NaN,-73.6345077628758,10.5740874277322,NaN,0,0
NaN,NaN,NaN,NaN,NaN,NaN,NaN,NaN,NaN,NaN,NaN,NaN,-73.634291905466,10.7548991251312,NaN,0,0
NaN,NaN,NaN,NaN,NaN,NaN,NaN,NaN,NaN,NaN,NaN,NaN,-73.6340721701859,10.9357087212173,NaN,0,0
NaN,NaN,NaN,NaN,NaN,NaN,NaN,NaN,NaN,NaN,NaN,NaN,-73.4596613762475,4.06375634276491,NaN,0,0
NaN,NaN,NaN,NaN,NaN,NaN,NaN,NaN,NaN,NaN,NaN,NaN,-73.4595383012398,4.24462070565552,NaN,0,0
NaN,NaN,NaN,NaN,NaN,NaN,NaN,NaN,NaN,NaN,NaN,NaN,-73.459409818052,4.42548422218928,NaN,0,0
NaN,NaN,NaN,NaN,NaN,NaN,NaN,NaN,NaN,NaN,NaN,NaN,-73.459275920316,4.60634685658988,NaN,0,0
NaN,NaN,NaN,NaN,NaN,NaN,NaN,NaN,NaN,NaN,NaN,NaN,-73.4591366013911,4.78720857311705,NaN,0,0
NaN,NaN,NaN,NaN,NaN,NaN,NaN,NaN,NaN,NaN,NaN,NaN,-73.4589918543637,4.96806933606801,NaN,0,0
NaN,NaN,NaN,NaN,NaN,NaN,NaN,NaN,NaN,NaN,NaN,NaN,-73.4588416720464,5.14892910977894,NaN,0,0
NaN,NaN,NaN,NaN,NaN,NaN,NaN,NaN,NaN,NaN,NaN,NaN,-73.458686046977,5.3297878586264,NaN,0,0
NaN,NaN,NaN,NaN,NaN,NaN,NaN,NaN,NaN,NaN,NaN,NaN,-73.4585249714176,5.51064554702881,NaN,0,0
NaN,NaN,NaN,NaN,NaN,NaN,NaN,NaN,NaN,NaN,NaN,NaN,-73.4583584373536,5.69150213944793,NaN,0,0
NaN,NaN,NaN,NaN,NaN,NaN,NaN,NaN,NaN,NaN,NaN,NaN,-73.458186436493,5.87235760039023,NaN,0,0
2,NaN,1.49756717897673,0.478354306814459,3.99361779808483,NaN,NaN,NaN,NaN,NaN,5,13.8514888474224,-73.4580089602651,6.05321189440842,2.7,9,1
2.6,NaN,0.827227584577623,0.336185741955486,2.75285171122978,NaN,NaN,NaN,NaN,NaN,4,14.9366505342971,-73.4578259998194,6.23406498610285,3.6,42,1
1.4,NaN,0.634315212127437,0.0519499157178503,2.76310256037011,NaN,NaN,NaN,NaN,NaN,75,14.9697716905964,-73.4576375460249,6.41491684012294,3.5,126,1
1.4,NaN,0.582795175715332,0.0408754628952678,2.83294658530024,NaN,NaN,NaN,NaN,NaN,104,14.9811109930258,-73.4574435894686,6.59576742116867,4.4,182,1
1.2,NaN,0.6705444424359,0.0638656070189609,2.73915178216665,NaN,NaN,NaN,NaN,NaN,86,14.9348756399295,-73.4572441204545,6.77661669399199,4.4,140,1
1.4,NaN,0.82049120359572,0.0918566667215387,2.91211567859694,NaN,NaN,NaN,NaN,NaN,58,14.9713616025791,-73.4570391290024,6.95746462339826,3.6,131,1
1.3,NaN,0.79177497381001,0.0993405781652513,2.85538226865384,NaN,NaN,NaN,NaN,NaN,67,14.9734251777172,-73.4568286048465,7.13831117424768,3.5,135,1
1.3,NaN,0.617663263151292,0.107610687576649,2.30811222041659,NaN,NaN,NaN,NaN,NaN,32,14.9325592099886,-73.4566125374346,7.31915631145671,4,60,1
1.2,NaN,0.614153812792477,0.140213259576617,1.88311261102921,NaN,NaN,NaN,NaN,NaN,14,14.9116150645949,-73.4563909159261,7.49999999999954,3.3,25,1
1.2,NaN,0.538659822515661,0.112821963992231,1.95824373417785,NaN,NaN,NaN,NaN,NaN,16,14.9446865420281,-73.4561637291913,7.68084220490948,3.2,33,1
1.6,NaN,0.441655405325341,0.0960474099091021,1.66089115795987,NaN,NaN,NaN,NaN,NaN,9,14.8879340120005,-73.4559309658098,7.86168289128039,3.5,34,1
1.6,NaN,0.465315516324913,0.159262506731249,1.5226560765035,NaN,NaN,NaN,NaN,NaN,6,14.9136269435412,-73.4556926140688,8.04252202426811,3.5,23,1
2.8,NaN,2.17147240951626,1.62677588672517,7.24974170611602,NaN,NaN,NaN,NaN,NaN,2,14.3617271985366,-73.455448661962,8.22335956909188,3.5,25,1
1.1,NaN,0.382397657021731,0.0706762390909425,1.56676545840214,NaN,NaN,NaN,NaN,NaN,14,14.4166234464209,-73.4551990971881,8.40419549103574,3.4,24,1
1.8,NaN,0.715308558428886,0.220699466186364,2.13265344518625,NaN,NaN,NaN,NaN,NaN,7,14.9971787465304,-73.454943907149,8.58502975544995,3.1,60,1
1.5,NaN,0.731778247895589,0.102915623557074,2.76042520352496,NaN,NaN,NaN,NaN,NaN,46,14.9745047317581,-73.4546830789485,8.76586232775241,4.1,161,1
1.5,NaN,0.62996562210142,0.108418912250122,2.46346237303002,NaN,NaN,NaN,NaN,NaN,33,14.9979903226115,-73.4544165993904,8.94669317343007,4.5,92,1
1.8,NaN,0.599026871590692,0.21199892237213,2.04124104301426,NaN,NaN,NaN,NaN,NaN,8,14.997982874763,-73.4541444549773,9.1275222580403,3.6,44,1
1.5,NaN,0.601438412941701,0.0634571496247702,2.53562607499214,NaN,NaN,NaN,NaN,NaN,43,14.9312066235095,-73.4538666319083,9.30834954721232,4.2,95,1
2.4,NaN,1.8286083448558,0.236852642909759,6.13684805466012,NaN,NaN,NaN,NaN,NaN,56,14.9997568971318,-73.4535831160779,9.48917500664859,3.7,227,1
2.2,NaN,1.4895623655479,0.164857033734592,5.16352792937787,NaN,NaN,NaN,NaN,NaN,77,14.9837095164117,-73.4532938930737,9.66999860212622,3.5,228,1
2.1,NaN,1.06793725058177,0.208444688325613,3.71978948094137,NaN,NaN,NaN,NaN,NaN,30,14.992376199988,-73.4529989481749,9.8508202994983,3.6,91,1
1.3,NaN,0.371769595403562,0.0529389565388511,1.82572315484684,NaN,NaN,NaN,NaN,NaN,22,14.833308225944,-73.4526982663503,10.0316400646954,3.7,35,1
1.2,NaN,0.391999769888921,0.0799163362877514,1.78835330180843,NaN,NaN,NaN,NaN,NaN,19,14.7510295149131,-73.4523918322563,10.2124578637268,4.7,29,1
NaN,NaN,NaN,NaN,NaN,NaN,NaN,NaN,NaN,NaN,NaN,NaN,-73.4520796302354,10.3932736626821,NaN,0,0
NaN,NaN,NaN,NaN,NaN,NaN,NaN,NaN,NaN,NaN,NaN,NaN,-73.4517616443136,10.5740874277322,NaN,0,0
NaN,NaN,NaN,NaN,NaN,NaN,NaN,NaN,NaN,NaN,NaN,NaN,-73.451437858199,10.7548991251312,NaN,0,0
NaN,NaN,NaN,NaN,NaN,NaN,NaN,NaN,NaN,NaN,NaN,NaN,-73.4511082552789,10.9357087212173,NaN,0,0
NaN,NaN,NaN,NaN,NaN,NaN,NaN,NaN,NaN,NaN,NaN,NaN,-73.2795485016633,4.06375634276491,NaN,0,0
NaN,NaN,NaN,NaN,NaN,NaN,NaN,NaN,NaN,NaN,NaN,NaN,-73.279384401653,4.24462070565552,NaN,0,0
NaN,NaN,NaN,NaN,NaN,NaN,NaN,NaN,NaN,NaN,NaN,NaN,-73.279213090736,4.42548422218928,NaN,0,0
NaN,NaN,NaN,NaN,NaN,NaN,NaN,NaN,NaN,NaN,NaN,NaN,-73.2790345604213,4.60634685658988,NaN,0,0
NaN,NaN,NaN,NaN,NaN,NaN,NaN,NaN,NaN,NaN,NaN,NaN,-73.2788488018547,4.78720857311705,NaN,0,0
NaN,NaN,NaN,NaN,NaN,NaN,NaN,NaN,NaN,NaN,NaN,NaN,-73.2786558058182,4.96806933606801,NaN,0,0
NaN,NaN,NaN,NaN,NaN,NaN,NaN,NaN,NaN,NaN,NaN,NaN,-73.2784555627286,5.14892910977894,NaN,0,0
NaN,NaN,NaN,NaN,NaN,NaN,NaN,NaN,NaN,NaN,NaN,NaN,-73.278248062636,5.3297878586264,NaN,0,0
NaN,NaN,NaN,NaN,NaN,NaN,NaN,NaN,NaN,NaN,NaN,NaN,-73.2780332952234,5.51064554702881,NaN,0,0
NaN,NaN,NaN,NaN,NaN,NaN,NaN,NaN,NaN,NaN,NaN,NaN,-73.2778112498048,5.69150213944793,NaN,0,0
NaN,NaN,NaN,NaN,NaN,NaN,NaN,NaN,NaN,NaN,NaN,NaN,-73.277581915324,5.87235760039023,NaN,0,0
NaN,NaN,NaN,NaN,NaN,NaN,NaN,NaN,NaN,NaN,NaN,NaN,-73.2773452803534,6.05321189440842,NaN,0,0
NaN,NaN,NaN,NaN,NaN,NaN,NaN,NaN,NaN,1,0,14.6312927753925,-73.2771013330925,6.23406498610285,2.5,3,1
2.2,NaN,0.510934684592061,0.163333198598307,1.90220755648618,NaN,NaN,NaN,NaN,NaN,6,14.973678736415,-73.2768500613666,6.41491684012294,3.8,19,1
1.6,NaN,0.596090465357405,0.103677756848006,2.40090277591407,NaN,NaN,NaN,NaN,NaN,28,14.7873568671542,-73.2765914526248,6.59576742116867,4.9,52,1
1.4,NaN,0.555896936836163,0.0760881316402677,2.28340568989053,NaN,NaN,NaN,NaN,NaN,32,14.9464961864943,-73.2763254939394,6.77661669399199,3.7,57,1
1.2,NaN,0.693411357660655,0.0933051404187324,2.4118772258096,NaN,NaN,NaN,NaN,NaN,38,14.8121224647258,-73.2760521720032,6.95746462339826,3.4,67,1
1.3,NaN,0.848996731540192,0.148632479268449,2.77966003118277,NaN,NaN,NaN,NaN,NaN,39,14.9465490172646,-73.2757714731287,7.13831117424768,3.5,90,1
1.3,NaN,0.56770520510229,0.121359273112789,2.03904676229696,NaN,NaN,NaN,NaN,NaN,20,14.920695199747,-73.2754833832461,7.31915631145671,4,58,1
1.5,NaN,0.74450482611986,0.118302103620174,2.63527117905768,NaN,NaN,NaN,NaN,NaN,33,14.8218559200891,-73.2751878879015,7.49999999999954,3.5,76,1
1.2,NaN,0.5838252294447,0.0707356674095907,2.39078635536215,NaN,NaN,NaN,NaN,NaN,49,14.8911110149423,-73.2748849722551,7.68084220490948,4.1,86,1
1.2,NaN,0.563588258958419,0.0967920659586926,2.20778482779236,NaN,NaN,NaN,NaN,NaN,34,14.9108899947407,-73.2745746210797,7.86168289128039,4.1,61,1
1.7,NaN,0.655538840608683,0.121345406938822,2.31853601169068,NaN,NaN,NaN,NaN,NaN,16,14.5154319057421,-73.2742568187584,8.04252202426811,3,55,1
0.9,NaN,0.434294481903252,0.0476501239120191,1.77107627542453,NaN,NaN,NaN,NaN,NaN,24,14.6180220035879,-73.2739315492827,8.22335956909188,2.9,31,1
1,NaN,0.337614084871786,0.0578996404260569,1.41276817851719,NaN,NaN,NaN,NaN,NaN,11,14.7735691465944,-73.2735987962508,8.40419549103574,3.4,14,1
2,NaN,1.73717792761301,0.63361553718389,4.59756922483788,NaN,NaN,NaN,NaN,NaN,4,14.7505205911379,-73.2732585428653,8.58502975544995,2.7,16,1
NaN,NaN,NaN,NaN,NaN,NaN,NaN,NaN,NaN,1,0,14.5915812680485,-73.2729107719313,8.76586232775241,2.3,24,1
1,NaN,0.531789161514186,0.17983729590049,1.30994041189783,NaN,NaN,NaN,NaN,NaN,6,14.1059321640397,-73.2725554658539,8.94669317343007,2.8,9,1
NaN,NaN,NaN,NaN,NaN,NaN,NaN,NaN,NaN,1,0,14.8996913450603,-73.2721926066364,9.1275222580403,3.5,7,1
1.5,NaN,0.477971156553864,0.0583997694375959,2.22715184838514,NaN,NaN,NaN,NaN,NaN,29,14.7675260408296,-73.2718221758778,9.30834954721232,4.2,57,1
2.2,NaN,1.31604388455531,0.167291201860135,4.54850905979703,NaN,NaN,NaN,NaN,NaN,45,14.8547504599753,-73.2714441547706,9.48917500664859,3.3,100,1
2.2,NaN,1.37145625864185,0.21296916150071,4.64045305940997,NaN,NaN,NaN,NaN,NaN,42,14.9771664143682,-73.2710585240983,9.66999860212622,3.5,125,1
1.4,NaN,0.545663509703365,0.0452386499679287,2.54925874859548,NaN,NaN,NaN,NaN,NaN,61,14.9204165771197,-73.2706652642332,9.8508202994983,3.8,97,1
1.5,NaN,0.47075491130852,0.044252914469505,2.41370254306072,NaN,NaN,NaN,NaN,NaN,51,14.9836704711836,-73.2702643551337,10.0316400646954,5.1,90,1
1.6,NaN,0.426301331929572,0.0533810127230551,1.88620211374324,NaN,NaN,NaN,NaN,NaN,16,14.5382748414457,-73.2698557763417,10.2124578637268,3.4,36,1
NaN,NaN,NaN,NaN,NaN,NaN,NaN,NaN,NaN,NaN,NaN,NaN,-73.2694395069805,10.3932736626821,NaN,0,0
NaN,NaN,NaN,NaN,NaN,NaN,NaN,NaN,NaN,NaN,NaN,NaN,-73.2690155257515,10.5740874277322,NaN,0,0
NaN,NaN,NaN,NaN,NaN,NaN,NaN,NaN,NaN,NaN,NaN,NaN,-73.2685838109319,10.7548991251312,NaN,0,0
NaN,NaN,NaN,NaN,NaN,NaN,NaN,NaN,NaN,NaN,NaN,NaN,-73.2681443403719,10.9357087212173,NaN,0,0
NaN,NaN,NaN,NaN,NaN,NaN,NaN,NaN,NaN,NaN,NaN,NaN,-73.0994356270791,4.06375634276491,NaN,0,0
NaN,NaN,NaN,NaN,NaN,NaN,NaN,NaN,NaN,NaN,NaN,NaN,-73.0992305020662,4.24462070565552,NaN,0,0
NaN,NaN,NaN,NaN,NaN,NaN,NaN,NaN,NaN,NaN,NaN,NaN,-73.09901636342,4.42548422218928,NaN,0,0
NaN,NaN,NaN,NaN,NaN,NaN,NaN,NaN,NaN,NaN,NaN,NaN,-73.0987932005266,4.60634685658988,NaN,0,0
NaN,NaN,NaN,NaN,NaN,NaN,NaN,NaN,NaN,NaN,NaN,NaN,-73.0985610023184,4.78720857311705,NaN,0,0
NaN,NaN,NaN,NaN,NaN,NaN,NaN,NaN,NaN,NaN,NaN,NaN,-73.0983197572728,4.96806933606801,NaN,0,0
NaN,NaN,NaN,NaN,NaN,NaN,NaN,NaN,NaN,NaN,NaN,NaN,-73.0980694534107,5.14892910977894,NaN,0,0
NaN,NaN,NaN,NaN,NaN,NaN,NaN,NaN,NaN,NaN,NaN,NaN,-73.097810078295,5.3297878586264,NaN,0,0
NaN,NaN,NaN,NaN,NaN,NaN,NaN,NaN,NaN,NaN,NaN,NaN,-73.0975416190293,5.51064554702881,NaN,0,0
NaN,NaN,NaN,NaN,NaN,NaN,NaN,NaN,NaN,NaN,NaN,NaN,-73.097264062256,5.69150213944793,NaN,0,0
NaN,NaN,NaN,NaN,NaN,NaN,NaN,NaN,NaN,NaN,NaN,NaN,-73.096977394155,5.87235760039023,NaN,0,0
NaN,NaN,NaN,NaN,NaN,NaN,NaN,NaN,NaN,NaN,NaN,NaN,-73.0966816004418,6.05321189440842,NaN,0,0
NaN,NaN,NaN,NaN,NaN,NaN,NaN,NaN,NaN,NaN,NaN,NaN,-73.0963766663657,6.23406498610285,NaN,0,0
NaN,NaN,NaN,NaN,NaN,NaN,NaN,NaN,NaN,NaN,NaN,NaN,-73.0960625767082,6.41491684012294,NaN,0,0
NaN,NaN,NaN,NaN,NaN,NaN,NaN,NaN,NaN,1,0,8.32913828864015,-73.0957393157811,6.59576742116867,2.1,1,1
2.8,NaN,0.965098848673894,0.856902524694741,3.09981665681827,NaN,NaN,NaN,NaN,NaN,2,14.7743810466807,-73.0954068674242,6.77661669399199,3.7,15,1
1.2,NaN,0.473775798439911,0.106778223335811,1.57015104741121,NaN,NaN,NaN,NaN,NaN,9,14.449852593838,-73.095065215004,6.95746462339826,3.1,14,1
1.2,NaN,0.815180580918725,0.11850283772932,2.44061469500143,NaN,NaN,NaN,NaN,NaN,29,14.9966770987059,-73.0947143414109,7.13831117424768,2.6,50,1
1.4,NaN,0.646592280749258,0.0868860256700185,2.68338044343261,NaN,NaN,NaN,NaN,NaN,60,14.7425768527015,-73.0943542290576,7.31915631145671,4.3,147,1
1.6,NaN,0.716041081274178,0.155129456922244,2.50739356605628,NaN,NaN,NaN,NaN,NaN,23,14.9373337336962,-73.0939848598768,7.49999999999954,4.2,63,1
1.3,NaN,0.539801050953195,0.116558284016278,1.74313405139738,NaN,NaN,NaN,NaN,NaN,11,14.2653014791609,-73.0936062153189,7.68084220490948,3.3,16,1
1.8,NaN,0.523246363738858,0.202488583939579,1.64081345906596,NaN,NaN,NaN,NaN,NaN,5,14.659654965608,-73.0932182763496,7.86168289128039,3.5,17,1
NaN,NaN,NaN,NaN,NaN,NaN,NaN,NaN,NaN,1,0,14.5504807020396,-73.092821023448,8.04252202426811,3.1,4,1
NaN,NaN,NaN,NaN,NaN,NaN,NaN,NaN,NaN,NaN,NaN,NaN,-73.0924144366033,8.22335956909188,NaN,0,0
NaN,NaN,NaN,NaN,NaN,NaN,NaN,NaN,NaN,NaN,NaN,NaN,-73.0919984953135,8.40419549103574,NaN,0,0
NaN,NaN,NaN,NaN,NaN,NaN,NaN,NaN,NaN,NaN,NaN,NaN,-73.0915731785817,8.58502975544995,NaN,0,0
NaN,NaN,NaN,NaN,NaN,NaN,NaN,NaN,NaN,NaN,NaN,NaN,-73.0911384649141,8.76586232775241,NaN,0,0
NaN,NaN,NaN,NaN,NaN,NaN,NaN,NaN,NaN,NaN,NaN,NaN,-73.0906943323174,8.94669317343007,NaN,0,0
NaN,NaN,NaN,NaN,NaN,NaN,NaN,NaN,NaN,NaN,NaN,NaN,-73.0902407582955,9.1275222580403,NaN,0,0
1.9,NaN,0.451215046133249,0.0827493960046381,1.76039857464512,NaN,NaN,NaN,NaN,NaN,8,14.9648011258976,-73.0897777198472,9.30834954721232,3.6,24,1
2,NaN,0.965098848673894,0.268546040630812,3.07632573302602,NaN,NaN,NaN,NaN,NaN,14,14.8707061188556,-73.0893051934632,9.48917500664859,3.3,85,1
1.4,NaN,0.61232120163905,0.0490631766374363,2.76573470117332,NaN,NaN,NaN,NaN,NaN,81,14.9313148297607,-73.0888231551229,9.66999860212622,3.5,119,1
1.6,NaN,0.767304738344968,0.0571513301592737,3.22768758135195,NaN,NaN,NaN,NaN,NaN,100,14.9671883474691,-73.0883315802915,9.8508202994983,3.4,179,1
1.5,NaN,0.557349803740295,0.0503681714162569,2.78541471225535,NaN,NaN,NaN,NaN,NaN,89,14.8978519354667,-73.0878304439171,10.0316400646954,5.1,145,1
1.8,NaN,0.573783142377873,0.0863473442858806,2.49520765417913,NaN,NaN,NaN,NaN,NaN,29,14.7430051893953,-73.0873197204272,10.2124578637268,4,56,1
NaN,NaN,NaN,NaN,NaN,NaN,NaN,NaN,NaN,NaN,NaN,NaN,-73.0867993837257,10.3932736626821,NaN,0,0
NaN,NaN,NaN,NaN,NaN,NaN,NaN,NaN,NaN,NaN,NaN,NaN,-73.0862694071894,10.5740874277322,NaN,0,0
NaN,NaN,NaN,NaN,NaN,NaN,NaN,NaN,NaN,NaN,NaN,NaN,-73.0857297636649,10.7548991251312,NaN,0,0
NaN,NaN,NaN,NaN,NaN,NaN,NaN,NaN,NaN,NaN,NaN,NaN,-73.0851804254648,10.9357087212173,NaN,0,0
NaN,NaN,NaN,NaN,NaN,NaN,NaN,NaN,NaN,NaN,NaN,NaN,-72.919322752495,4.06375634276491,NaN,0,0
NaN,NaN,NaN,NaN,NaN,NaN,NaN,NaN,NaN,NaN,NaN,NaN,-72.9190766024795,4.24462070565552,NaN,0,0
NaN,NaN,NaN,NaN,NaN,NaN,NaN,NaN,NaN,NaN,NaN,NaN,-72.918819636104,4.42548422218928,NaN,0,0
NaN,NaN,NaN,NaN,NaN,NaN,NaN,NaN,NaN,NaN,NaN,NaN,-72.9185518406319,4.60634685658988,NaN,0,0
NaN,NaN,NaN,NaN,NaN,NaN,NaN,NaN,NaN,NaN,NaN,NaN,-72.9182732027821,4.78720857311705,NaN,0,0
NaN,NaN,NaN,NaN,NaN,NaN,NaN,NaN,NaN,NaN,NaN,NaN,-72.9179837087274,4.96806933606801,NaN,0,0
NaN,NaN,NaN,NaN,NaN,NaN,NaN,NaN,NaN,NaN,NaN,NaN,-72.9176833440928,5.14892910977894,NaN,0,0
NaN,NaN,NaN,NaN,NaN,NaN,NaN,NaN,NaN,NaN,NaN,NaN,-72.917372093954,5.3297878586264,NaN,0,0
NaN,NaN,NaN,NaN,NaN,NaN,NaN,NaN,NaN,NaN,NaN,NaN,-72.9170499428351,5.51064554702881,NaN,0,0
NaN,NaN,NaN,NaN,NaN,NaN,NaN,NaN,NaN,NaN,NaN,NaN,-72.9167168747072,5.69150213944793,NaN,0,0
NaN,NaN,NaN,NaN,NaN,NaN,NaN,NaN,NaN,NaN,NaN,NaN,-72.916372872986,5.87235760039023,NaN,0,0
NaN,NaN,NaN,NaN,NaN,NaN,NaN,NaN,NaN,NaN,NaN,NaN,-72.9160179205301,6.05321189440842,NaN,0,0
NaN,NaN,NaN,NaN,NaN,NaN,NaN,NaN,NaN,NaN,NaN,NaN,-72.9156519996388,6.23406498610285,NaN,0,0
NaN,NaN,NaN,NaN,NaN,NaN,NaN,NaN,NaN,NaN,NaN,NaN,-72.9152750920499,6.41491684012294,NaN,0,0
NaN,NaN,NaN,NaN,NaN,NaN,NaN,NaN,NaN,NaN,NaN,NaN,-72.9148871789373,6.59576742116867,NaN,0,0
NaN,NaN,NaN,NaN,NaN,NaN,NaN,NaN,NaN,NaN,NaN,NaN,-72.9144882409091,6.77661669399199,NaN,0,0
NaN,NaN,NaN,NaN,NaN,NaN,NaN,NaN,NaN,NaN,NaN,NaN,-72.9140782580048,6.95746462339826,NaN,0,0
NaN,NaN,NaN,NaN,NaN,NaN,NaN,NaN,NaN,1,0,14.12038859021,-72.913657209693,7.13831117424768,2.3,3,1
NaN,NaN,NaN,NaN,NaN,NaN,NaN,NaN,NaN,NaN,NaN,NaN,-72.9132250748691,7.31915631145671,NaN,0,0
NaN,NaN,NaN,NaN,NaN,NaN,NaN,NaN,NaN,NaN,NaN,NaN,-72.9127818318522,7.49999999999954,NaN,0,0
NaN,NaN,NaN,NaN,NaN,NaN,NaN,NaN,NaN,NaN,NaN,NaN,-72.9123274583827,7.68084220490948,NaN,0,0
NaN,NaN,NaN,NaN,NaN,NaN,NaN,NaN,NaN,NaN,NaN,NaN,-72.9118619316196,7.86168289128039,NaN,0,0
NaN,NaN,NaN,NaN,NaN,NaN,NaN,NaN,NaN,NaN,NaN,NaN,-72.9113852281375,8.04252202426811,NaN,0,0
NaN,NaN,NaN,NaN,NaN,NaN,NaN,NaN,NaN,NaN,NaN,NaN,-72.910897323924,8.22335956909188,NaN,0,0
NaN,NaN,NaN,NaN,NaN,NaN,NaN,NaN,NaN,NaN,NaN,NaN,-72.9103981943762,8.40419549103574,NaN,0,0
NaN,NaN,NaN,NaN,NaN,NaN,NaN,NaN,NaN,NaN,NaN,NaN,-72.909887814298,8.58502975544995,NaN,0,0
NaN,NaN,NaN,NaN,NaN,NaN,NaN,NaN,NaN,NaN,NaN,NaN,-72.9093661578969,8.76586232775241,NaN,0,0
NaN,NaN,NaN,NaN,NaN,NaN,NaN,NaN,NaN,NaN,NaN,NaN,-72.9088331987808,8.94669317343007,NaN,0,0
NaN,NaN,NaN,NaN,NaN,NaN,NaN,NaN,NaN,NaN,NaN,NaN,-72.9082889099546,9.1275222580403,NaN,0,0
NaN,NaN,NaN,NaN,NaN,NaN,NaN,NaN,NaN,NaN,NaN,NaN,-72.9077332638167,9.30834954721232,NaN,0,0
1.6,NaN,0.928263014755042,0.132536715910289,2.93237885495029,NaN,NaN,NaN,NaN,NaN,28,14.97519025022,-72.9071662321559,9.48917500664859,3,72,1
1.3,NaN,0.569299882644712,0.0437777538193393,2.58518788745238,NaN,NaN,NaN,NaN,NaN,70,14.9343834801015,-72.9065877861475,9.66999860212622,3.2,110,1
1.8,NaN,0.825871473783234,0.0896887521348435,3.24999664637276,NaN,NaN,NaN,NaN,NaN,58,14.9829316571354,-72.9059978963498,9.8508202994983,3.8,147,1
2,NaN,0.749262045456089,0.130003114899432,2.92988785507117,NaN,NaN,NaN,NaN,NaN,27,14.9917329297359,-72.9053965327005,10.0316400646954,4,111,1
1.9,NaN,0.704261322005273,0.253661328132166,2.29233902124934,NaN,NaN,NaN,NaN,NaN,9,14.8540106054873,-72.9047836645126,10.2124578637268,4,26,1
NaN,NaN,NaN,NaN,NaN,NaN,NaN,NaN,NaN,NaN,NaN,NaN,-72.9041592604708,10.3932736626821,NaN,0,0
NaN,NaN,NaN,NaN,NaN,NaN,NaN,NaN,NaN,NaN,NaN,NaN,-72.9035232886273,10.5740874277322,NaN,0,0
NaN,NaN,NaN,NaN,NaN,NaN,NaN,NaN,NaN,NaN,NaN,NaN,-72.9028757163979,10.7548991251312,NaN,0,0
NaN,NaN,NaN,NaN,NaN,NaN,NaN,NaN,NaN,NaN,NaN,NaN,-72.9022165105578,10.9357087212173,NaN,0,0
NaN,NaN,NaN,NaN,NaN,NaN,NaN,NaN,NaN,NaN,NaN,NaN,-72.7392098779108,4.06375634276491,NaN,0,0
NaN,NaN,NaN,NaN,NaN,NaN,NaN,NaN,NaN,NaN,NaN,NaN,-72.7389227028928,4.24462070565552,NaN,0,0
NaN,NaN,NaN,NaN,NaN,NaN,NaN,NaN,NaN,NaN,NaN,NaN,-72.738622908788,4.42548422218928,NaN,0,0
NaN,NaN,NaN,NaN,NaN,NaN,NaN,NaN,NaN,NaN,NaN,NaN,-72.7383104807372,4.60634685658988,NaN,0,0
NaN,NaN,NaN,NaN,NaN,NaN,NaN,NaN,NaN,NaN,NaN,NaN,-72.7379854032458,4.78720857311705,NaN,0,0
NaN,NaN,NaN,NaN,NaN,NaN,NaN,NaN,NaN,NaN,NaN,NaN,-72.7376476601819,4.96806933606801,NaN,0,0
NaN,NaN,NaN,NaN,NaN,NaN,NaN,NaN,NaN,NaN,NaN,NaN,-72.737297234775,5.14892910977894,NaN,0,0
NaN,NaN,NaN,NaN,NaN,NaN,NaN,NaN,NaN,NaN,NaN,NaN,-72.736934109613,5.3297878586264,NaN,0,0
NaN,NaN,NaN,NaN,NaN,NaN,NaN,NaN,NaN,NaN,NaN,NaN,-72.736558266641,5.51064554702881,NaN,0,0
NaN,NaN,NaN,NaN,NaN,NaN,NaN,NaN,NaN,NaN,NaN,NaN,-72.7361696871584,5.69150213944793,NaN,0,0
NaN,NaN,NaN,NaN,NaN,NaN,NaN,NaN,NaN,NaN,NaN,NaN,-72.735768351817,5.87235760039023,NaN,0,0
NaN,NaN,NaN,NaN,NaN,NaN,NaN,NaN,NaN,NaN,NaN,NaN,-72.7353542406185,6.05321189440842,NaN,0,0
NaN,NaN,NaN,NaN,NaN,NaN,NaN,NaN,NaN,NaN,NaN,NaN,-72.734927332912,6.23406498610285,NaN,0,0
NaN,NaN,NaN,NaN,NaN,NaN,NaN,NaN,NaN,NaN,NaN,NaN,-72.7344876073915,6.41491684012294,NaN,0,0
NaN,NaN,NaN,NaN,NaN,NaN,NaN,NaN,NaN,NaN,NaN,NaN,-72.7340350420935,6.59576742116867,NaN,0,0
NaN,NaN,NaN,NaN,NaN,NaN,NaN,NaN,NaN,NaN,NaN,NaN,-72.7335696143939,6.77661669399199,NaN,0,0
NaN,NaN,NaN,NaN,NaN,NaN,NaN,NaN,NaN,NaN,NaN,NaN,-72.7330913010056,6.95746462339826,NaN,0,0
NaN,NaN,NaN,NaN,NaN,NaN,NaN,NaN,NaN,NaN,NaN,NaN,-72.7326000779752,7.13831117424768,NaN,0,0
NaN,NaN,NaN,NaN,NaN,NaN,NaN,NaN,NaN,NaN,NaN,NaN,-72.7320959206806,7.31915631145671,NaN,0,0
NaN,NaN,NaN,NaN,NaN,NaN,NaN,NaN,NaN,NaN,NaN,NaN,-72.7315788038276,7.49999999999954,NaN,0,0
NaN,NaN,NaN,NaN,NaN,NaN,NaN,NaN,NaN,NaN,NaN,NaN,-72.7310487014465,7.68084220490948,NaN,0,0
NaN,NaN,NaN,NaN,NaN,NaN,NaN,NaN,NaN,NaN,NaN,NaN,-72.7305055868895,7.86168289128039,NaN,0,0
NaN,NaN,NaN,NaN,NaN,NaN,NaN,NaN,NaN,NaN,NaN,NaN,-72.7299494328271,8.04252202426811,NaN,0,0
NaN,NaN,NaN,NaN,NaN,NaN,NaN,NaN,NaN,NaN,NaN,NaN,-72.7293802112447,8.22335956909188,NaN,0,0
NaN,NaN,NaN,NaN,NaN,NaN,NaN,NaN,NaN,NaN,NaN,NaN,-72.7287978934389,8.40419549103574,NaN,0,0
NaN,NaN,NaN,NaN,NaN,NaN,NaN,NaN,NaN,NaN,NaN,NaN,-72.7282024500143,8.58502975544995,NaN,0,0
NaN,NaN,NaN,NaN,NaN,NaN,NaN,NaN,NaN,NaN,NaN,NaN,-72.7275938508797,8.76586232775241,NaN,0,0
NaN,NaN,NaN,NaN,NaN,NaN,NaN,NaN,NaN,NaN,NaN,NaN,-72.7269720652443,8.94669317343007,NaN,0,0
NaN,NaN,NaN,NaN,NaN,NaN,NaN,NaN,NaN,NaN,NaN,NaN,-72.7263370616137,9.1275222580403,NaN,0,0
NaN,NaN,NaN,NaN,NaN,NaN,NaN,NaN,NaN,NaN,NaN,NaN,-72.7256888077861,9.30834954721232,NaN,0,0
NaN,NaN,NaN,NaN,NaN,NaN,NaN,NaN,NaN,NaN,NaN,NaN,-72.7250272708485,9.48917500664859,NaN,0,0
NaN,NaN,NaN,NaN,NaN,NaN,NaN,NaN,NaN,NaN,NaN,NaN,-72.7243524171721,9.66999860212622,NaN,0,0
NaN,NaN,NaN,NaN,NaN,NaN,NaN,NaN,NaN,NaN,NaN,NaN,-72.7236642124081,9.8508202994983,NaN,0,0
NaN,NaN,NaN,NaN,NaN,NaN,NaN,NaN,NaN,NaN,NaN,NaN,-72.7229626214839,10.0316400646954,NaN,0,0
NaN,NaN,NaN,NaN,NaN,NaN,NaN,NaN,NaN,NaN,NaN,NaN,-72.7222476085981,10.2124578637268,NaN,0,0
NaN,NaN,NaN,NaN,NaN,NaN,NaN,NaN,NaN,NaN,NaN,NaN,-72.7215191372159,10.3932736626821,NaN,0,0
NaN,NaN,NaN,NaN,NaN,NaN,NaN,NaN,NaN,NaN,NaN,NaN,-72.7207771700652,10.5740874277322,NaN,0,0
NaN,NaN,NaN,NaN,NaN,NaN,NaN,NaN,NaN,NaN,NaN,NaN,-72.7200216691309,10.7548991251312,NaN,0,0
NaN,NaN,NaN,NaN,NaN,NaN,NaN,NaN,NaN,NaN,NaN,NaN,-72.7192525956508,10.9357087212173,NaN,0,0
NaN,NaN,NaN,NaN,NaN,NaN,NaN,NaN,NaN,NaN,NaN,NaN,-72.5590970033266,4.06375634276491,NaN,0,0
NaN,NaN,NaN,NaN,NaN,NaN,NaN,NaN,NaN,NaN,NaN,NaN,-72.558768803306,4.24462070565552,NaN,0,0
NaN,NaN,NaN,NaN,NaN,NaN,NaN,NaN,NaN,NaN,NaN,NaN,-72.558426181472,4.42548422218928,NaN,0,0
NaN,NaN,NaN,NaN,NaN,NaN,NaN,NaN,NaN,NaN,NaN,NaN,-72.5580691208426,4.60634685658988,NaN,0,0
NaN,NaN,NaN,NaN,NaN,NaN,NaN,NaN,NaN,NaN,NaN,NaN,-72.5576976037095,4.78720857311705,NaN,0,0
NaN,NaN,NaN,NaN,NaN,NaN,NaN,NaN,NaN,NaN,NaN,NaN,-72.5573116116365,4.96806933606801,NaN,0,0
NaN,NaN,NaN,NaN,NaN,NaN,NaN,NaN,NaN,NaN,NaN,NaN,-72.5569111254571,5.14892910977894,NaN,0,0
NaN,NaN,NaN,NaN,NaN,NaN,NaN,NaN,NaN,NaN,NaN,NaN,-72.556496125272,5.3297878586264,NaN,0,0
NaN,NaN,NaN,NaN,NaN,NaN,NaN,NaN,NaN,NaN,NaN,NaN,-72.5560665904469,5.51064554702881,NaN,0,0
NaN,NaN,NaN,NaN,NaN,NaN,NaN,NaN,NaN,NaN,NaN,NaN,-72.5556224996096,5.69150213944793,NaN,0,0
NaN,NaN,NaN,NaN,NaN,NaN,NaN,NaN,NaN,NaN,NaN,NaN,-72.555163830648,5.87235760039023,NaN,0,0
NaN,NaN,NaN,NaN,NaN,NaN,NaN,NaN,NaN,NaN,NaN,NaN,-72.5546905607068,6.05321189440842,NaN,0,0
NaN,NaN,NaN,NaN,NaN,NaN,NaN,NaN,NaN,NaN,NaN,NaN,-72.5542026661851,6.23406498610285,NaN,0,0
NaN,NaN,NaN,NaN,NaN,NaN,NaN,NaN,NaN,NaN,NaN,NaN,-72.5537001227331,6.41491684012294,NaN,0,0
NaN,NaN,NaN,NaN,NaN,NaN,NaN,NaN,NaN,NaN,NaN,NaN,-72.5531829052497,6.59576742116867,NaN,0,0
NaN,NaN,NaN,NaN,NaN,NaN,NaN,NaN,NaN,NaN,NaN,NaN,-72.5526509878787,6.77661669399199,NaN,0,0
NaN,NaN,NaN,NaN,NaN,NaN,NaN,NaN,NaN,NaN,NaN,NaN,-72.5521043440064,6.95746462339826,NaN,0,0
NaN,NaN,NaN,NaN,NaN,NaN,NaN,NaN,NaN,NaN,NaN,NaN,-72.5515429462574,7.13831117424768,NaN,0,0
NaN,NaN,NaN,NaN,NaN,NaN,NaN,NaN,NaN,NaN,NaN,NaN,-72.5509667664922,7.31915631145671,NaN,0,0
NaN,NaN,NaN,NaN,NaN,NaN,NaN,NaN,NaN,NaN,NaN,NaN,-72.5503757758029,7.49999999999954,NaN,0,0
NaN,NaN,NaN,NaN,NaN,NaN,NaN,NaN,NaN,NaN,NaN,NaN,-72.5497699445102,7.68084220490948,NaN,0,0
NaN,NaN,NaN,NaN,NaN,NaN,NaN,NaN,NaN,NaN,NaN,NaN,-72.5491492421594,7.86168289128039,NaN,0,0
NaN,NaN,NaN,NaN,NaN,NaN,NaN,NaN,NaN,NaN,NaN,NaN,-72.5485136375167,8.04252202426811,NaN,0,0
NaN,NaN,NaN,NaN,NaN,NaN,NaN,NaN,NaN,NaN,NaN,NaN,-72.5478630985653,8.22335956909188,NaN,0,0
NaN,NaN,NaN,NaN,NaN,NaN,NaN,NaN,NaN,NaN,NaN,NaN,-72.5471975925016,8.40419549103574,NaN,0,0
NaN,NaN,NaN,NaN,NaN,NaN,NaN,NaN,NaN,NaN,NaN,NaN,-72.5465170857307,8.58502975544995,NaN,0,0
NaN,NaN,NaN,NaN,NaN,NaN,NaN,NaN,NaN,NaN,NaN,NaN,-72.5458215438626,8.76586232775241,NaN,0,0
NaN,NaN,NaN,NaN,NaN,NaN,NaN,NaN,NaN,NaN,NaN,NaN,-72.5451109317078,8.94669317343007,NaN,0,0
NaN,NaN,NaN,NaN,NaN,NaN,NaN,NaN,NaN,NaN,NaN,NaN,-72.5443852132728,9.1275222580403,NaN,0,0
NaN,NaN,NaN,NaN,NaN,NaN,NaN,NaN,NaN,NaN,NaN,NaN,-72.5436443517556,9.30834954721232,NaN,0,0
NaN,NaN,NaN,NaN,NaN,NaN,NaN,NaN,NaN,NaN,NaN,NaN,-72.5428883095412,9.48917500664859,NaN,0,0
NaN,NaN,NaN,NaN,NaN,NaN,NaN,NaN,NaN,NaN,NaN,NaN,-72.5421170481966,9.66999860212622,NaN,0,0
NaN,NaN,NaN,NaN,NaN,NaN,NaN,NaN,NaN,NaN,NaN,NaN,-72.5413305284664,9.8508202994983,NaN,0,0
NaN,NaN,NaN,NaN,NaN,NaN,NaN,NaN,NaN,NaN,NaN,NaN,-72.5405287102673,10.0316400646954,NaN,0,0
NaN,NaN,NaN,NaN,NaN,NaN,NaN,NaN,NaN,NaN,NaN,NaN,-72.5397115526835,10.2124578637268,NaN,0,0
NaN,NaN,NaN,NaN,NaN,NaN,NaN,NaN,NaN,NaN,NaN,NaN,-72.5388790139611,10.3932736626821,NaN,0,0
NaN,NaN,NaN,NaN,NaN,NaN,NaN,NaN,NaN,NaN,NaN,NaN,-72.5380310515031,10.5740874277322,NaN,0,0
NaN,NaN,NaN,NaN,NaN,NaN,NaN,NaN,NaN,NaN,NaN,NaN,-72.5371676218639,10.7548991251312,NaN,0,0
NaN,NaN,NaN,NaN,NaN,NaN,NaN,NaN,NaN,NaN,NaN,NaN,-72.5362886807438,10.9357087212173,NaN,0,0
